Date,Open,High,Low,Close,Return,Volatility
2021-06-28,201.8000030517578,211.8000030517578,190.0,199.38999938964844,,
2021-06-29,199.2899932861328,202.60000610351562,193.0,193.77999877929688,-0.028135817380632422,
2021-06-30,193.92999267578125,195.36000061035156,187.6199951171875,189.41000366210938,-0.022551321832572913,
2021-07-01,188.9199981689453,201.97999572753906,187.50999450683594,198.5,0.0479911100899737,
2021-07-02,199.0,205.72000122070312,195.0,203.64999389648438,0.025944553634682066,
2021-07-05,205.64999389648438,227.1999969482422,203.0,218.8800048828125,0.07478522682436006,
2021-07-06,218.60000610351562,222.1999969482422,212.42999267578125,213.30999755859375,-0.02544776681269223,
2021-07-07,213.8000030517578,222.8300018310547,213.02000427246094,220.30999755859375,0.032816089635354206,
2021-07-08,221.0,230.47999572753906,219.05999755859375,225.6699981689453,0.024329357131993135,
2021-07-09,227.0,228.55999755859375,222.36000061035156,224.47000122070312,-0.005317485523015031,
2021-07-12,226.47999572753906,242.1999969482422,225.00999450683594,232.80999755859375,0.0371541688980106,
2021-07-13,236.39999389648438,240.0,234.25999450683594,238.47999572753906,0.024354616332652457,
2021-07-14,240.60000610351562,254.8000030517578,235.8000030517578,250.67999267578125,0.0511573178749154,
2021-07-15,253.0,265.0,252.8000030517578,259.1700134277344,0.033867963140296276,
2021-07-16,261.510009765625,264.3999938964844,251.1199951171875,256.29998779296875,-0.011073910892727135,
2021-07-19,253.60000610351562,261.0,251.50999450683594,259.5400085449219,0.01264151738692365,
2021-07-20,261.9800109863281,263.79998779296875,252.02000427246094,256.7200012207031,-0.010865405068100187,
2021-07-22,258.6499938964844,259.2200012207031,248.66000366210938,250.3000030517578,-0.025007783337559375,
2021-07-23,252.3800048828125,252.3800048828125,240.66000366210938,243.44000244140625,-0.027407113570562136,
2021-07-26,243.0,246.5399932861328,229.33999633789062,239.25,-0.017211643112822972,
2021-07-27,240.0,249.39999389648438,239.8000030517578,244.3699951171875,0.0214001885775863,
2021-07-28,245.0,246.38999938964844,237.99000549316406,239.8800048828125,-0.018373737873268015,
2021-07-29,240.0,246.8000030517578,239.41000366210938,243.11000061035156,0.013465047781356265,
2021-07-30,242.0,245.44000244140625,239.5800018310547,241.08999633789062,-0.008309013481097138,
2021-08-02,241.60000610351562,261.0,240.0,254.8800048828125,0.05719859286734996,
2021-08-03,256.3999938964844,265.6000061035156,254.8000030517578,257.44000244140625,0.01004393247626778,
2021-08-04,259.0,264.0,251.1999969482422,252.94000244140625,-0.01747980095293933,
2021-08-05,254.19000244140625,256.3999938964844,243.02999877929688,245.77000427246094,-0.028346635960068256,
2021-08-06,246.8000030517578,249.8000030517578,244.10000610351562,245.6199951171875,-0.0006103639690184792,
2021-08-09,246.85000610351562,247.32000732421875,243.9600067138672,245.24000549316406,-0.0015470630713193545,
2021-08-10,246.0,249.17999267578125,196.1999969482422,233.3300018310547,-0.04856468518730872,0.03047905096005397
2021-08-11,255.0,260.0,243.36000061035156,255.16000366210938,0.09355848652013887,0.033744279246556
2021-08-12,255.22000122070312,263.79998779296875,251.10000610351562,259.94000244140625,0.018733338731358185,0.03321916045882394
2021-08-13,259.739990234375,263.57000732421875,254.0,255.25999450683594,-0.018004185160478525,0.03287733423033338
2021-08-16,256.7900085449219,256.8500061035156,241.5,244.3000030517578,-0.0429365810974528,0.03403298258805463
2021-08-17,244.0,278.0,242.42999267578125,275.489990234375,0.12767084237821003,0.03873038199688913
2021-08-18,278.6000061035156,279.5,267.0199890136719,273.9800109863281,-0.005481067558070762,0.03829788175196407
2021-08-20,273.3999938964844,278.9599914550781,256.70001220703125,258.3599853515625,-0.05701155196882257,0.03985645159153053
2021-08-23,260.9800109863281,267.0199890136719,244.14999389648438,250.30999755859375,-0.03115802852370797,0.04026515142149795
2021-08-24,251.72000122070312,256.8399963378906,249.39999389648438,252.44000244140625,0.008509467874186383,0.040231360465333425
2021-08-25,253.7899932861328,256.3999938964844,251.00999450683594,255.17999267578125,0.010854025542211598,0.039783353356748465
2021-08-26,256.4599914550781,259.0,251.1999969482422,257.6000061035156,0.00948355473467366,0.03961071173645139
2021-08-27,255.0,258.0,252.22000122070312,255.39999389648438,-0.008540419855996406,0.038610836245803755
2021-08-30,256.4800109863281,262.8900146484375,251.0,257.760009765625,0.00924046955967106,0.03815399056756806
2021-08-31,258.0,261.79998779296875,254.39999389648438,257.0799865722656,-0.002638202853800675,0.038096826095733005
2021-09-01,258.5299987792969,258.5299987792969,252.0,252.97999572753906,-0.015948308148732715,0.03814735157954469
2021-09-02,254.25,255.6300048828125,251.0,251.5500030517578,-0.00565259190422851,0.03810883584175714
2021-09-03,251.39999389648438,253.74000549316406,247.39999389648438,247.80999755859375,-0.014867841175873586,0.037923926475953315
2021-09-06,248.39999389648438,259.7699890136719,248.39999389648438,256.80999755859375,0.036318147325238526,0.038100691904866826
2021-09-07,255.4600067138672,257.3900146484375,250.5,251.25,-0.021650237963672714,0.03818823191535808
2021-09-08,252.6199951171875,253.25999450683594,244.63999938964844,248.22999572753906,-0.012019917502332111,0.038099550201069074
2021-09-09,248.8000030517578,252.0,246.25999450683594,249.9499969482422,0.006929062765609562,0.03793104198742395
2021-09-13,251.36000061035156,253.88999938964844,250.25,252.91000366210938,0.011842395479125134,0.037915344031026664
2021-09-14,253.8000030517578,257.4700012207031,248.66000366210938,251.2899932861328,-0.006405481604203067,0.03789910853784431
2021-09-15,252.5500030517578,254.57000732421875,248.1999969482422,248.6699981689453,-0.010426181651428612,0.03649084366213272
2021-09-16,249.9199981689453,250.7100067138672,248.00999450683594,249.4499969482422,0.003136682289943682,0.03644572009210592
2021-09-17,251.0,251.6999969482422,244.69000244140625,246.0500030517578,-0.013629961667988466,0.036390365828828056
2021-09-20,245.8000030517578,248.8800048828125,242.0,243.55999755859375,-0.010119916530300865,0.03605668147290656
2021-09-21,243.39999389648438,250.9600067138672,241.89999389648438,250.14999389648438,0.027056973246623706,0.036384876098688165
2021-09-22,250.94000244140625,252.0,243.1999969482422,244.88999938964844,-0.021027362123433035,0.0366091784949013
2021-09-23,247.36000061035156,250.0,245.0,246.1300048828125,0.005063520340784056,0.035416874633635013
2021-09-24,246.60000610351562,248.60000610351562,241.0,244.77000427246094,-0.0055255376564067316,0.03095858240941997
2021-09-27,246.02000427246094,247.8000030517578,243.14999389648438,246.69000244140625,0.007844090923853964,0.030783305394054727
2021-09-28,246.60000610351562,246.60000610351562,242.67999267578125,245.0399932861328,-0.0066885935341678415,0.030640605754077285
2021-09-29,245.00999450683594,245.5500030517578,242.4199981689453,242.88999938964844,-0.008774053033758555,0.0296440678542035
2021-09-30,244.11000061035156,250.9499969482422,243.0399932861328,244.25999450683594,0.0056403932670350265,0.017391909542709028
2021-10-01,241.0,244.9600067138672,241.0,242.39999389648438,-0.007614839319500244,0.017403148784183458
2021-10-04,244.6199951171875,249.11000061035156,242.39999389648438,243.58999633789062,0.004909251119513014,0.014282130969355437
2021-10-05,243.58999633789062,247.1999969482422,240.8300018310547,242.55999755859375,-0.00422841165393395,0.013181186727461297
2021-10-06,244.8000030517578,244.97000122070312,236.8000030517578,238.77000427246094,-0.015624972478066157,0.013318813282280212
2021-10-07,241.8000030517578,242.8000030517578,238.6300048828125,240.4499969482422,0.007036029005821787,0.013211849630209943
2021-10-08,242.6699981689453,242.6699981689453,234.39999389648438,235.10000610351562,-0.02224991022095202,0.013535714786287546
2021-10-11,235.8000030517578,248.8000030517578,227.39999389648438,231.36000061035156,-0.015908147154693464,0.013706336519605865
2021-10-12,231.36000061035156,236.39999389648438,229.3699951171875,229.9499969482422,-0.0060944141527906615,0.013510962098410366
2021-10-13,232.02999877929688,232.10000610351562,228.1999969482422,230.36000061035156,0.0017830122528841308,0.01354712728885136
2021-10-14,231.39999389648438,234.1999969482422,229.50999450683594,232.85000610351562,0.010809192075736496,0.013584380439264942
2021-10-18,234.8000030517578,236.88999938964844,229.3000030517578,229.77000427246094,-0.013227407130431579,0.013711506310855265
2021-10-19,230.60000610351562,231.80999755859375,222.1999969482422,224.22999572753906,-0.024111104330017508,0.01408784056261801
2021-10-20,223.22999572753906,229.0,222.0,226.97999572753906,0.012264193249780453,0.012334679757572919
2021-10-21,228.17999267578125,228.27000427246094,217.60000610351562,219.27000427246094,-0.03396771345582805,0.01312122562059585
2021-10-22,219.39999389648438,226.72999572753906,219.39999389648438,222.38999938964844,0.014229010153667287,0.013469206484050764
2021-10-25,223.0,223.50999450683594,214.0,216.0399932861328,-0.028553469674640453,0.014060447635654328
2021-10-26,215.0,223.24000549316406,215.0,221.85000610351562,0.026893228096372734,0.01491549503053541
2021-10-27,223.85000610351562,223.85000610351562,214.8000030517578,215.89999389648438,-0.02681997765758437,0.015472486860402297
2021-10-28,224.58999633789062,232.97999572753906,220.33999633789062,230.14999389648438,0.06600278093028722,0.020128218878875826
2021-10-29,232.1999969482422,232.1999969482422,221.60000610351562,223.11000061035156,-0.030588718109196278,0.020741742159138366
2021-11-01,226.4600067138672,228.44000244140625,219.86000061035156,224.1999969482422,0.004885466070139177,0.020705591260860377
2021-11-02,227.94000244140625,227.94000244140625,221.97000122070312,224.42999267578125,0.0010258507166356345,0.020671361611015324
2021-11-03,225.0,231.8000030517578,221.22000122070312,230.8000030517578,0.028383061907322205,0.020738096224345318
2021-11-04,232.02000427246094,234.8000030517578,231.0,232.0500030517578,0.00541594446911553,0.020482737497616973
2021-11-08,234.0,237.1999969482422,232.25999450683594,234.8800048828125,0.012195655220152979,0.020603696325053295
2021-11-09,235.0,237.0,230.0,235.02999877929688,0.0006385979792498109,0.02059140716026422
2021-11-10,235.02999877929688,238.60000610351562,232.7100067138672,234.9499969482422,-0.0003403898713789655,0.020522239032493474
2021-11-11,232.0,245.2899932861328,200.0,243.5800018310547,0.03673124066783284,0.021638770915952284
2021-11-12,243.0,243.5500030517578,236.32000732421875,240.2100067138672,-0.013835270103679909,0.021729276374683644
2021-11-15,240.0,243.67999267578125,236.0,239.9199981689453,-0.0012073125049587574,0.021702367306377073
2021-11-16,240.39999389648438,243.58999633789062,236.8000030517578,238.33999633789062,-0.006585536191702102,0.021691333327590663
2021-11-17,235.0,247.0,235.0,246.0500030517578,0.032348774155961824,0.02248424638104111
2021-11-18,248.0,253.97000122070312,246.0,251.5500030517578,0.022353179970670656,0.022809764280824124
2021-11-22,255.88999938964844,255.88999938964844,225.0,237.02000427246094,-0.057761870813045624,0.025082382876965285
2021-11-23,237.0,239.8000030517578,235.08999633789062,237.97999572753906,0.004050254990184632,0.025059653541998527
2021-11-24,239.97999572753906,242.6699981689453,235.22999572753906,237.7100067138672,-0.0011345029772207305,0.024708448564720462
2021-11-25,241.5,263.44000244140625,238.35000610351562,254.41000366210938,0.07025365561637487,0.02755909274368825
2021-11-26,249.8000030517578,258.0,240.24000549316406,246.55999755859375,-0.03085572890420407,0.028220278417504917
2021-11-29,246.24000549316406,254.97999572753906,234.41000366210938,245.80999755859375,-0.003041855967822915,0.028239480516407844
2021-11-30,254.8000030517578,256.5199890136719,240.17999267578125,248.1699981689453,0.00960091385131312,0.028228151706004935
2021-12-01,247.94000244140625,249.77999877929688,242.05999755859375,246.0399932861328,-0.008582846027030522,0.028151506594228267
2021-12-02,245.8000030517578,258.0,245.8000030517578,255.9499969482422,0.04027801955995214,0.028492328090866364
2021-12-03,257.9800109863281,271.0199890136719,256.6000061035156,267.8900146484375,0.04664980598772894,0.029477180074392196
2021-12-06,269.0,285.20001220703125,261.45001220703125,265.30999755859375,-0.00963088188721628,0.028664261981941313
2021-12-07,268.79998779296875,271.55999755859375,261.3999938964844,266.9800109863281,0.006294574057148283,0.028629616797552503
2021-12-08,270.7200012207031,271.0,263.010009765625,263.8599853515625,-0.011686364171006769,0.028077748053853633
2021-12-09,266.8800048828125,283.6000061035156,264.9800109863281,278.8299865722656,0.056734639777825224,0.0293061775585957
2021-12-10,278.79998779296875,287.57000732421875,263.5,274.4200134277344,-0.015815993102981096,0.028920905429871198
2021-12-13,276.3999938964844,279.5400085449219,267.0,267.4700012207031,-0.025326185653224864,0.027418975596524196
2021-12-14,267.4700012207031,273.7799987792969,263.20001220703125,270.3699951171875,0.01084231458948337,0.026575169527628003
2021-12-15,270.94000244140625,272.25,263.0,264.2799987792969,-0.02252467525196722,0.027107782941778576
2021-12-16,266.79998779296875,268.70001220703125,255.0,262.7799987792969,-0.005675798421857392,0.027176425391757464
2021-12-17,260.79998779296875,268.7799987792969,260.0,265.3800048828125,0.009894231355481953,0.026850227132911405
2021-12-20,260.3999938964844,262.8900146484375,250.99000549316406,255.1300048828125,-0.03862385941445079,0.0280062408301052
2021-12-21,255.63999938964844,267.989990234375,255.63999938964844,260.6000061035156,0.021440054544802134,0.02815520808139119
2021-12-22,262.9800109863281,271.20001220703125,261.6000061035156,267.07000732421875,0.024827325668339117,0.028405329027795214
2021-12-23,267.3999938964844,271.989990234375,263.2200012207031,264.7200012207031,-0.008799213835579689,0.02849846149568832
2021-12-24,269.0,271.0,262.010009765625,270.04998779296875,0.020134430899393596,0.028005489250956868
2021-12-27,268.20001220703125,273.4599914550781,263.5400085449219,266.6600036621094,-0.012553172686896263,0.02797858271149836
2021-12-28,267.8999938964844,273.0,266.7699890136719,270.2900085449219,0.01361285844506388,0.028016778068545682
2021-12-29,271.7799987792969,295.989990234375,270.57000732421875,287.1499938964844,0.06237739027915423,0.029856739967899365
2021-12-30,296.20001220703125,298.989990234375,290.20001220703125,294.30999755859375,0.024934716400135226,0.029666818233255943
2021-12-31,296.0,297.04998779296875,283.6000061035156,285.1300048828125,-0.03119157606582368,0.03027886771553022
2022-01-03,289.79998779296875,301.20001220703125,285.9800109863281,299.55999755859375,0.05060846781702932,0.029017583072082534
2022-01-04,302.0,313.0,294.2099914550781,296.92999267578125,-0.008779559701719064,0.029175518260285707
2022-01-05,296.79998779296875,301.7799987792969,290.7300109863281,292.9599914550781,-0.013370159022763284,0.029389587689209896
2022-01-06,292.20001220703125,295.6000061035156,286.2900085449219,288.0899963378906,-0.01662341363747022,0.027179981732381345
2022-01-07,290.0,292.2799987792969,282.6000061035156,284.8800048828125,-0.011142321829575863,0.026526042123449646
2022-01-10,284.8800048828125,295.0,284.4100036621094,293.8900146484375,0.03162738560514744,0.02690874762862619
2022-01-11,295.0,295.0,284.44000244140625,287.32000732421875,-0.022355326811896115,0.02740227993855794
2022-01-12,288.0,292.9800109863281,285.4200134277344,286.7200012207031,-0.002088285146250035,0.02731472246445341
2022-01-13,286.7200012207031,289.0,280.989990234375,281.95001220703125,-0.016636401344042206,0.02678505215488955
2022-01-14,283.9200134277344,291.79998779296875,281.29998779296875,288.4200134277344,0.022947334423069066,0.025802100268839223
2022-01-17,295.0,297.0,288.92999267578125,291.79998779296875,0.011718931446764058,0.025742296392584962
2022-01-18,292.0,296.95001220703125,285.0199890136719,287.19000244140625,-0.01579844257852836,0.025974369306690497
2022-01-19,289.5799865722656,294.2200012207031,282.57000732421875,290.5899963378906,0.011838830974549852,0.02587822281822986
2022-01-20,290.3900146484375,294.0,282.6099853515625,284.8699951171875,-0.019684095436141802,0.024166087747087932
2022-01-21,285.0,290.3800048828125,277.989990234375,280.6199951171875,-0.014919086154551509,0.02414512015571585
2022-01-24,280.6199951171875,289.6199951171875,264.5199890136719,272.1300048828125,-0.030254402330915697,0.02434650168540227
2022-01-25,265.0,273.0,261.92999267578125,270.6700134277344,-0.0053650513683959344,0.024297114999674286
2022-01-27,271.0,280.0,264.510009765625,274.30999755859375,0.01344805094869228,0.02401689848089404
2022-01-28,278.1199951171875,281.989990234375,269.79998779296875,274.80999755859375,0.0018227552930993873,0.023978434211032337
2022-01-31,277.7200012207031,277.7200012207031,268.20001220703125,269.4800109863281,-0.0193951698250322,0.024231113364640705
2022-02-01,275.0400085449219,275.0400085449219,267.4800109863281,268.29998779296875,-0.004378889510358697,0.02309000277110165
2022-02-02,271.79998779296875,279.6000061035156,270.20001220703125,275.8299865722656,0.02806559493810834,0.023313616358924743
2022-02-03,275.8299865722656,275.989990234375,269.0,274.29998779296875,-0.005546890670989568,0.02295175351479545
2022-02-04,271.0,274.5400085449219,268.2099914550781,270.0299987792969,-0.015566858197947453,0.023085699467245792
2022-02-07,270.1000061035156,270.1000061035156,255.05999755859375,259.6400146484375,-0.038477147642219545,0.023869998030602173
2022-02-08,265.05999755859375,265.05999755859375,258.20001220703125,261.05999755859375,0.005469044947016277,0.023796858546685368
2022-02-09,261.20001220703125,264.8299865722656,256.2200012207031,256.92999267578125,-0.015820136832283338,0.023804379305018244
2022-02-10,259.6000061035156,269.7900085449219,256.1199951171875,259.42999267578125,0.009730277006448018,0.020673876530830318
2022-02-11,263.8800048828125,278.760009765625,258.0,274.2799987792969,0.05724089936692178,0.02290900606829331
2022-02-14,273.05999755859375,273.05999755859375,260.0,260.8800048828125,-0.04885516244757926,0.023888625193032025
2022-02-15,265.79998779296875,268.1199951171875,256.7300109863281,265.2300109863281,0.016674356110464084,0.022007488686597732
2022-02-16,269.0,269.0,257.79998779296875,260.45001220703125,-0.01802208868265387,0.02214364534605779
2022-02-17,262.0,264.7900085449219,260.0,261.5299987792969,0.004146617476090464,0.022122362506968574
2022-02-18,262.79998779296875,263.70001220703125,259.80999755859375,262.0400085449219,0.001950100439741087,0.02200316117489566
2022-02-21,264.79998779296875,264.79998779296875,243.0,244.22999572753906,-0.06796676933526213,0.024979839284306197
2022-02-22,243.0,248.6300048828125,237.4600067138672,244.6699981689453,0.0018015905052757297,0.024055867374167043
2022-02-23,244.6699981689453,254.8000030517578,243.27999877929688,244.00999450683594,-0.0026975259208268376,0.023856528706044374
2022-02-24,237.9499969482422,246.8699951171875,235.0,241.30999755859375,-0.011065108024362336,0.02387304247924329
2022-02-25,244.0,246.3800048828125,231.72999572753906,235.0500030517578,-0.02594171219663588,0.024082882834812747
2022-02-28,235.39999389648438,258.20001220703125,234.0,253.5500030517578,0.0787066571359556,0.028178502936434608
2022-03-02,253.6199951171875,258.0,244.0,247.16000366210938,-0.025202127046884848,0.02827869732039945
2022-03-03,254.60000610351562,260.0,247.4199981689453,259.8999938964844,0.05154551725849532,0.03002223814699598
2022-03-04,259.6000061035156,260.0,252.75999450683594,259.54998779296875,-0.001346695312563262,0.029895415987118944
2022-03-07,259.54998779296875,259.54998779296875,251.58999633789062,257.5199890136719,-0.007821224714971375,0.02974974209426049
2022-03-08,256.0,266.3999938964844,255.86000061035156,262.82000732421875,0.020580997734764184,0.029961884119364613
2022-03-09,267.760009765625,279.0,264.30999755859375,272.8800048828125,0.03827713750187822,0.030324124869940853
2022-03-10,280.79998779296875,285.2099914550781,274.510009765625,277.0199890136719,0.015171445532028871,0.030418042129698605
2022-03-11,275.0400085449219,284.2699890136719,275.0400085449219,276.8800048828125,-0.0005053214078802881,0.03033113543836896
2022-03-14,278.3999938964844,279.5899963378906,265.4200134277344,278.1600036621094,0.004622936856125248,0.03033885022509368
2022-03-15,278.1600036621094,278.1600036621094,262.9800109863281,266.2200012207031,-0.04292494350090026,0.031172852809690395
2022-03-16,266.3999938964844,271.1099853515625,263.0199890136719,266.3699951171875,0.0005634208391427364,0.03116163457318706
2022-03-17,269.79998779296875,269.79998779296875,253.05999755859375,263.3399963378906,-0.011375150485563701,0.030776214470295667
2022-03-21,265.0,271.1700134277344,265.0,268.4800109863281,0.01951854909970585,0.030990496163096137
2022-03-22,270.0,271.29998779296875,268.55999755859375,269.69000244140625,0.004506821385446669,0.03086490167367051
2022-03-23,270.0,271.79998779296875,268.29998779296875,270.0199890136719,0.0012235773268507444,0.029978179184750892
2022-03-24,270.0,271.9800109863281,268.0,269.2200012207031,-0.0029626984131468914,0.029981533106755043
2022-03-25,269.1400146484375,271.0,268.0,268.94000244140625,-0.0010400370627267064,0.02980875127930252
2022-03-28,268.0,270.739990234375,263.32000732421875,265.9599914550781,-0.011080579159946202,0.029863576282341615
2022-03-29,265.9599914550781,271.0,265.9599914550781,268.1600036621094,0.008271966753325977,0.027976768295674054
2022-03-30,268.1600036621094,284.9599914550781,268.1600036621094,280.9700012207031,0.047769978310168826,0.02776418986287361
2022-03-31,280.3999938964844,282.92999267578125,274.05999755859375,276.6400146484375,-0.015410850103048546,0.02783103579710566
2022-04-01,279.79998779296875,280.8500061035156,273.6300048828125,277.4599914550781,0.0029640571255848958,0.02757883767889435
2022-04-04,277.4599914550781,288.79998779296875,273.79998779296875,279.6700134277344,0.007965191525690862,0.02759562083850777
2022-04-05,278.3999938964844,286.4800109863281,278.2900085449219,280.4200134277344,0.0026817319125769234,0.027595346948861225
2022-04-06,278.79998779296875,291.0,277.0,287.2300109863281,0.02428499120070371,0.0244140806092332
2022-04-07,286.0400085449219,290.8999938964844,279.0,280.989990234375,-0.02172482161778755,0.02491639515643328
2022-04-08,286.0,288.489990234375,282.3500061035156,286.32000732421875,0.018968708050411287,0.025001883338971832
2022-04-11,286.32000732421875,288.17999267578125,280.2099914550781,281.8299865722656,-0.01568182675711094,0.02512217528206171
2022-04-12,282.5,297.3999938964844,281.0400085449219,288.5299987792969,0.02377324105401124,0.024612050644464045
2022-04-13,283.79998779296875,288.2099914550781,280.6000061035156,284.3800048828125,-0.014383231948296604,0.020860945484252564
2022-04-18,282.0,285.79998779296875,278.4700012207031,281.67999267578125,-0.009494381323130852,0.020290997813777908
2022-04-19,281.67999267578125,283.8599853515625,279.3999938964844,280.45001220703125,-0.00436658797476519,0.01829675790969723
2022-04-20,283.0,284.3999938964844,274.8399963378906,279.8900146484375,-0.0019967820795826485,0.01830210109126416
2022-04-21,279.8800048828125,283.79998779296875,275.0,276.1099853515625,-0.01350540962178659,0.018443432638019352
2022-04-22,276.0,278.8999938964844,270.0,274.0400085449219,-0.007496928457712215,0.018204590960925027
2022-04-25,272.0,272.75,269.0,270.0400085449219,-0.014596408828181362,0.01704946779953236
2022-04-26,270.3999938964844,273.95001220703125,266.79998779296875,267.5199890136719,-0.009332022854053434,0.016873281336281142
2022-04-27,268.0,272.5,257.010009765625,259.1400146484375,-0.03132466622823504,0.017755653193042346
2022-04-28,259.20001220703125,273.0,259.1400146484375,269.8900146484375,0.04148336571865974,0.019429955020497207
2022-04-29,269.6000061035156,270.2300109863281,265.05999755859375,267.989990234375,-0.007039995223748874,0.017783565035856617
2022-05-02,266.0,269.57000732421875,260.9700012207031,266.45001220703125,-0.005746401296544468,0.017818503357896184
2022-05-04,266.3999938964844,268.9100036621094,260.2799987792969,266.3900146484375,-0.000225173788121813,0.017685351134453305
2022-05-05,268.0,268.0,258.760009765625,261.5,-0.0183565988946357,0.017635152771233828
2022-05-06,259.0,259.54998779296875,246.7899932861328,250.9499969482422,-0.0403441799302402,0.019022535999596742
2022-05-09,241.39999389648438,260.989990234375,241.39999389648438,257.3399963378906,0.025463237566671015,0.019677543514296732
2022-05-10,257.6000061035156,260.489990234375,248.61000061035156,252.44000244140625,-0.019040934041401836,0.01993834595496113
2022-05-11,259.0,259.0,248.2100067138672,250.08999633789062,-0.009309166854651219,0.019982412736351957
2022-05-12,253.8300018310547,253.8300018310547,240.39999389648438,246.16000366210938,-0.01571431378035426,0.020070915198990496
2022-05-13,248.1999969482422,252.38999938964844,246.02000427246094,249.7899932861328,0.01474646396660817,0.02022365400278044
2022-05-16,249.7899932861328,253.89999389648438,244.44000244140625,247.13999938964844,-0.010608887336206574,0.01793179491412494
2022-05-17,250.8000030517578,259.0,246.0,255.35000610351562,0.03322006447415671,0.019039109879518026
2022-05-18,254.0,261.8800048828125,253.4199981689453,260.489990234375,0.020129171756415376,0.01946193930865327
2022-05-19,248.0,256.7900085449219,248.0,251.02999877929688,-0.036316141923789624,0.020345585600492957
2022-05-20,258.3999938964844,261.0,250.10000610351562,252.33999633789062,0.0052184900807232815,0.02037695997961412
2022-05-23,254.39999389648438,256.7300109863281,249.0,254.67999267578125,0.009273188443568392,0.019853531420938514
2022-05-24,257.0,259.79998779296875,253.89999389648438,256.9599914550781,0.008952406332912943,0.01968838813212738
2022-05-25,257.8500061035156,263.7699890136719,253.1999969482422,255.67999267578125,-0.004981315464904323,0.01925658299703182
2022-05-26,252.0,257.6000061035156,248.52000427246094,252.19000244140625,-0.01364983703985212,0.0192161038555573
2022-05-27,251.02999877929688,254.6999969482422,248.32000732421875,249.89999389648438,-0.009080489007306847,0.01853104215066126
2022-05-30,250.0,253.86000061035156,250.0,252.4499969482422,0.010204094093792193,0.018627546021522372
2022-05-31,254.3699951171875,272.0,251.6999969482422,262.29998779296875,0.03901759145889794,0.02015844292697075
2022-06-01,262.79998779296875,262.79998779296875,254.39999389648438,259.0199890136719,-0.012504761463754788,0.02024349604276018
2022-06-02,254.4199981689453,259.07000732421875,250.1999969482422,251.2100067138672,-0.03015204474969091,0.020864934644056816
2022-06-03,254.97999572753906,254.97999572753906,250.0500030517578,250.41000366210938,-0.0031845986639736923,0.02077725279672297
2022-06-06,250.0,251.9499969482422,246.57000732421875,250.3300018310547,-0.000319483366817197,0.020765520911497005
2022-06-07,250.3300018310547,253.5800018310547,247.72000122070312,252.08999633789062,0.007030697455208568,0.020717365089958785
2022-06-08,248.1999969482422,250.8000030517578,246.39999389648438,247.35000610351562,-0.018802770055269202,0.020902960028363834
2022-06-09,249.0,252.88999938964844,246.8000030517578,247.69000244140625,0.0013745556074429288,0.0201827575486088
2022-06-10,247.69000244140625,248.39999389648438,244.3699951171875,246.10000610351562,-0.0064192996173382255,0.01850575588725194
2022-06-13,246.0,246.47000122070312,237.82000732421875,239.72999572753906,-0.02588382859810734,0.01896502991348906
2022-06-14,238.07000732421875,242.38999938964844,237.39999389648438,240.83999633789062,0.004630211613623425,0.019017833907579502
2022-06-15,242.39999389648438,243.6199951171875,240.0,240.50999450683594,-0.0013702119086220765,0.019012831406613792
2022-06-16,243.0,244.88999938964844,237.39999389648438,238.3000030517578,-0.009188771799732098,0.018834087011866986
2022-06-17,238.0,238.55999755859375,232.1300048828125,235.6699981689453,-0.011036528951454794,0.017541734389376243
2022-06-20,238.75999450683594,238.75999450683594,223.3800048828125,227.7100067138672,-0.033776006776101486,0.017683882134481715
2022-06-21,227.7100067138672,231.42999267578125,227.02999877929688,228.7899932861328,0.004742815600645489,0.01751484676813949
2022-06-22,228.39999389648438,229.11000061035156,222.64999389648438,224.52000427246094,-0.01866335564917687,0.017710897010154554
2022-06-23,227.88999938964844,234.89999389648438,225.49000549316406,232.52999877929688,0.03567608388745436,0.018926061851139715
2022-06-24,233.97999572753906,235.0,228.49000549316406,232.6199951171875,0.00038703108572257783,0.018675064941222466
2022-06-27,233.0,234.99000549316406,228.07000732421875,229.63999938964844,-0.012810574284630283,0.01871352522134908
2022-06-28,231.5800018310547,231.7899932861328,227.8699951171875,231.0500030517578,0.006140061251772133,0.017559842022808345
2022-06-29,231.02000427246094,232.5500030517578,227.1999969482422,229.38999938964844,-0.00718460783459729,0.01700913654957423
2022-06-30,229.38999938964844,238.99000549316406,229.17999267578125,236.91000366210938,0.032782616035877066,0.01717236947615673
2022-07-01,236.39999389648438,246.69000244140625,233.39999389648438,242.1999969482422,0.022329125846781928,0.017689402306968287
2022-07-04,250.0,250.0,236.0,237.5,-0.019405437685643623,0.017876948856084263
2022-07-05,240.60000610351562,241.35000610351562,237.72999572753906,240.0500030517578,0.010736854954769726,0.017918158868196806
2022-07-06,243.8800048828125,243.97999572753906,238.0,241.16000366210938,0.004624039142845815,0.01795090942110811
2022-07-07,243.0,244.0,240.57000732421875,243.6699981689453,0.010408004929178594,0.01794027774308907
2022-07-08,243.6699981689453,245.16000366210938,240.1999969482422,241.0,-0.010957435010501837,0.01797270904647786
2022-07-11,244.0,244.0,238.5,239.52999877929688,-0.006099590127398913,0.017866777780897132
2022-07-12,239.0,241.0800018310547,236.6300048828125,237.4199981689453,-0.008808920056379788,0.016171226558024766
2022-07-13,239.8000030517578,239.8000030517578,236.58999633789062,238.67999267578125,0.0053070277000817345,0.016144407734988934
2022-07-14,237.60000610351562,240.0,237.02000427246094,238.67999267578125,0.0,0.015285493135383037
2022-07-15,237.22000122070312,239.8000030517578,236.61000061035156,238.22000122070312,-0.0019272308915434522,0.015282697606021354
2022-07-18,239.0,244.8000030517578,239.0,240.8300018310547,0.010956261426317004,0.015451712917146773
2022-07-19,241.39999389648438,244.8000030517578,241.02000427246094,243.2899932861328,0.01021463869274819,0.015520788449709054
2022-07-20,247.0,248.6199951171875,244.0,245.47000122070312,0.008960532675942767,0.015252224332206856
2022-07-21,245.47000122070312,247.0,239.17999267578125,240.5800018310547,-0.019920965353529385,0.01566906484677344
2022-07-22,243.60000610351562,243.60000610351562,237.60000610351562,239.5399932861328,-0.00432292184307248,0.01564804033897632
2022-07-25,240.77999877929688,240.77999877929688,237.63999938964844,239.72000122070312,0.0007514734057594286,0.014913055507868832
2022-07-26,242.0,243.8000030517578,238.74000549316406,240.9600067138672,0.005172724373643023,0.014919058762457095
2022-07-27,240.9600067138672,244.0,240.4600067138672,242.14999389648438,0.0049385256866723015,0.014941717584078211
2022-07-28,243.4199981689453,245.75999450683594,241.9199981689453,243.1699981689453,0.00421228287495623,0.014847221426996734
2022-07-29,244.0,249.02999877929688,243.1699981689453,248.38999938964844,0.021466468972362485,0.015138198858321454
2022-08-01,250.0,254.75,248.38999938964844,249.8300018310547,0.00579734467951476,0.013568245379305177
2022-08-02,250.60000610351562,253.00999450683594,245.41000366210938,247.94000244140625,-0.0075651417996087655,0.013704859145427805
2022-08-03,247.94000244140625,252.0,243.97999572753906,245.75,-0.008832791884495483,0.013285751076220598
2022-08-04,247.60000610351562,249.0,240.0,241.60000610351562,-0.016887055529946626,0.01226868537602684
2022-08-05,240.0,249.66000366210938,240.0,247.0,0.022350967549937373,0.012850850732941057
2022-08-08,247.0,251.24000549316406,247.0,250.24000549316406,0.013117431146413283,0.012685626020302708
2022-08-10,254.0,254.0,248.0,251.47999572753906,0.004955203832941457,0.012677177652060754
2022-08-11,242.39999389648438,259.5899963378906,236.60000610351562,255.3800048828125,0.01550822817532893,0.012731254584385007
2022-08-12,255.3800048828125,256.9800109863281,250.1999969482422,252.47999572753906,-0.011355662541412292,0.011763543087741017
2022-08-16,251.0,252.3300018310547,244.60000610351562,245.36000061035156,-0.028200234623225184,0.012381859625525097
2022-08-17,245.39999389648438,249.97999572753906,244.02000427246094,245.02999877929688,-0.001344969963456899,0.011806008749722135
2022-08-18,247.39999389648438,249.47999572753906,243.85000610351562,247.97999572753906,0.012039329726721837,0.011844967939072899
2022-08-19,248.0,248.0,242.8000030517578,243.86000061035156,-0.01661422368001908,0.01225777647535731
2022-08-22,241.1999969482422,243.52999877929688,238.0,238.97000122070312,-0.020052486580043327,0.012658967844310925
2022-08-23,238.0,245.58999633789062,237.8000030517578,241.4600067138672,0.010419740889838325,0.012655836939147798
2022-08-24,240.8000030517578,248.7899932861328,240.6999969482422,244.17999267578125,0.011264747313360468,0.012757244371939437
2022-08-25,246.8000030517578,246.97000122070312,241.61000061035156,242.44000244140625,-0.007125850956533286,0.012717533151516436
2022-08-26,245.8000030517578,246.0,241.0,241.75999450683594,-0.002804850386580293,0.01270410540229244
2022-08-29,240.0,240.72000122070312,236.2100067138672,238.07000732421875,-0.015263018143859441,0.01302658616703095
2022-08-30,245.99000549316406,245.99000549316406,239.1999969482422,240.75,0.011257162151179667,0.01318091894375868
2022-09-01,243.19000244140625,256.0,241.02999877929688,253.82000732421875,0.054288711627076935,0.016363514368094335
2022-09-02,257.3999938964844,258.0,248.1999969482422,252.52999877929688,-0.005082375335660916,0.016333177391742622
2022-09-05,254.2899932861328,257.0,252.1999969482422,254.35000610351562,0.0072070935453865115,0.01630819989287771
2022-09-06,257.0,257.19000244140625,252.22999572753906,255.9499969482422,0.006290508379525717,0.01582641121181435
2022-09-07,256.0,256.70001220703125,253.75,255.17999267578125,-0.003008416806571157,0.015809579386568396
2022-09-08,259.0,260.0,254.97000122070312,257.8699951171875,0.010541588363567556,0.015878897542311907
2022-09-09,259.6000061035156,259.6000061035156,254.1199951171875,256.32000732421875,-0.00601073340178393,0.015946487126398675
2022-09-12,258.9800109863281,258.9800109863281,245.41000366210938,247.9600067138672,-0.03261548209842635,0.017151252379777878
2022-09-13,254.60000610351562,255.16000366210938,248.0,248.77999877929688,0.003306952908643579,0.01714607698280653
2022-09-14,248.1999969482422,248.77999877929688,245.41000366210938,247.8800048828125,-0.0036176296362264715,0.016714836377413698
2022-09-15,247.8800048828125,249.91000366210938,246.1999969482422,248.3699951171875,0.0019767235142933437,0.016684184981462846
2022-09-16,248.3000030517578,251.42999267578125,240.10000610351562,244.64999389648438,-0.014977659515385211,0.016853167907456553
2022-09-19,242.8000030517578,250.1999969482422,242.0,243.8000030517578,-0.003474313778590199,0.016787983717795624
2022-09-20,247.8000030517578,258.0,247.1999969482422,256.989990234375,0.0541016694729779,0.019177573700519316
2022-09-21,256.9800109863281,271.79998779296875,254.00999450683594,270.3800048828125,0.05210325365678958,0.020941814939140893
2022-09-22,269.3999938964844,275.0,254.1999969482422,269.2099914550781,-0.004327292723592779,0.020899888885608574
2022-09-23,271.8999938964844,278.989990234375,262.9599914550781,272.010009765625,0.010400870693590525,0.02094423657108902
2022-09-26,272.0,274.510009765625,258.989990234375,271.17999267578125,-0.003051421124387721,0.020830561965614173
2022-09-27,272.0,278.0,266.4800109863281,275.1099853515625,0.01449219257292289,0.020784659812675972
2022-09-28,275.92999267578125,282.7900085449219,271.69000244140625,280.0299987792969,0.01788380534951184,0.020085017758893174
2022-09-29,283.0,292.3999938964844,274.1199951171875,289.5899963378906,0.034139190801941055,0.020756053361158978
2022-09-30,289.5899963378906,314.7799987792969,284.0799865722656,302.7900085449219,0.045581727179655696,0.021972122182191637
2022-10-03,301.6000061035156,305.0,295.6400146484375,301.260009765625,-0.005053002860462286,0.02164428187312949
2022-10-04,303.79998779296875,304.6000061035156,290.1000061035156,293.8500061035156,-0.024596705244331107,0.021857108806077028
2022-10-06,293.3999938964844,300.8399963378906,288.6099853515625,297.2300109863281,0.011502483622960469,0.021863601491140982
2022-10-07,297.2300109863281,298.2300109863281,286.0,288.0,-0.03105342880989459,0.02292996308121934
2022-10-10,289.9100036621094,301.6000061035156,280.0,294.04998779296875,0.021006902058919197,0.022959752638214925
2022-10-11,297.04998779296875,299.3999938964844,288.20001220703125,293.1499938964844,-0.00306068333224363,0.022963453750370916
2022-10-12,292.3599853515625,298.25,290.6300048828125,292.5899963378906,-0.0019102765487060136,0.022650420292594727
2022-10-13,290.25,296.0,290.25,292.57000732421875,-6.831748836955143e-05,0.022673826000944895
2022-10-14,293.1000061035156,295.6000061035156,288.20001220703125,290.8299865722656,-0.005947365445511554,0.02091937502076679
2022-10-17,291.3900146484375,293.54998779296875,288.30999755859375,289.760009765625,-0.0036790456831891083,0.020898175156907076
2022-10-18,289.0,298.7900085449219,288.07000732421875,291.75,0.006867718688940538,0.020896920599702093
2022-10-19,292.0,295.0,290.04998779296875,291.2799987792969,-0.0016109724788453406,0.02092714811201089
2022-10-20,290.4200134277344,294.19000244140625,284.3999938964844,288.3900146484375,-0.009921670361750845,0.021050697164708435
2022-10-21,286.3999938964844,289.6000061035156,280.3999938964844,281.6199951171875,-0.0234752217045483,0.021611456825216376
2022-10-24,281.6000061035156,290.0,280.4700012207031,284.9599914550781,0.011859940330233965,0.02159613982730922
2022-10-25,289.0,290.0,286.0,289.17999267578125,0.014809100741317138,0.020552200625810625
2022-10-27,286.6499938964844,293.79998779296875,286.6499938964844,292.1499938964844,0.010270424289113844,0.020567761470355196
2022-10-28,292.0,292.0,288.260009765625,291.510009765625,-0.0021906012124927043,0.02054741472403872
2022-10-31,292.0,300.0,291.989990234375,297.07000732421875,0.01907309310944072,0.020679544235371872
2022-11-01,297.0,300.760009765625,294.0299987792969,296.30999755859375,-0.0025583523980444722,0.020363075219120626
2022-11-02,296.239990234375,300.5299987792969,295.1000061035156,298.6499938964844,0.007897122463537132,0.02027465238642028
2022-11-03,294.04998779296875,300.5899963378906,294.04998779296875,296.1700134277344,-0.00830396959462043,0.01838709357118468
2022-11-04,297.7200012207031,307.3500061035156,289.0299987792969,291.760009765625,-0.014890108593608287,0.016419840505311808
2022-11-07,298.7900085449219,298.7900085449219,291.2200012207031,295.3500061035156,0.012304620982068526,0.01645619284673753
2022-11-09,296.4599914550781,299.79998779296875,291.32000732421875,295.1400146484375,-0.0007109918765484391,0.016414083175048652
2022-11-10,296.25,297.7799987792969,292.2200012207031,294.82000732421875,-0.0010842559745750657,0.016393596678286115
2022-11-11,295.0,300.3999938964844,286.3999938964844,289.54998779296875,-0.017875379554734394,0.016668474298423157
2022-11-14,291.2099914550781,317.79998779296875,288.4100036621094,315.2699890136719,0.08882749889491692,0.0228932530647099
2022-11-15,316.1600036621094,333.67999267578125,315.3999938964844,322.05999755859375,0.021537123042267847,0.022436102811650236
2022-11-16,323.0,330.8299865722656,316.79998779296875,319.19000244140625,-0.008911367878481569,0.021101741435315007
2022-11-17,321.94000244140625,324.3399963378906,316.3999938964844,318.2699890136719,-0.002882337857380901,0.021080546206126597
2022-11-18,319.19000244140625,319.19000244140625,308.0199890136719,309.6300048828125,-0.02714671325950313,0.02119647911664768
2022-11-21,311.989990234375,318.19000244140625,291.80999755859375,295.70001220703125,-0.044989156270734854,0.0227700253908537
2022-11-22,298.0,303.6000061035156,292.95001220703125,296.9700012207031,0.004294856142186054,0.022005550093149112
2022-11-23,298.2200012207031,299.79998779296875,297.3999938964844,299.0400085449219,0.006970425685119519,0.021718364280401553
2022-11-24,300.0,305.1499938964844,294.0199890136719,295.3399963378906,-0.012372967165948379,0.02184139631922774
2022-11-25,297.5899963378906,299.17999267578125,294.3999938964844,294.739990234375,-0.002031577540988261,0.02184186391197262
2022-11-28,294.79998779296875,299.0,290.489990234375,297.1600036621094,0.008210672144658648,0.021887099233800156
2022-11-29,297.989990234375,303.8299865722656,293.1300048828125,301.20001220703125,0.013595398085657795,0.0219717176499588
2022-11-30,304.79998779296875,305.79998779296875,297.5,299.489990234375,-0.005677363556947146,0.021990655251011047
2022-12-01,300.4100036621094,302.0,297.0,299.6700134277344,0.0006010991994038761,0.02196598335008528
2022-12-02,299.6700134277344,305.0,298.25,299.8999938964844,0.0007674457184401184,0.021960075780700316
2022-12-05,303.6000061035156,306.0199890136719,300.0,300.8599853515625,0.0032010385949172715,0.02186138001849211
2022-12-06,301.0,304.17999267578125,298.4100036621094,303.0799865722656,0.007378851721038915,0.021359219396140924
2022-12-07,303.20001220703125,303.9800109863281,297.04998779296875,301.010009765625,-0.0068298036767501236,0.02135436766044543
2022-12-08,300.6499938964844,302.1700134277344,297.0799865722656,297.45001220703125,-0.011826841111914121,0.021359000858080363
2022-12-09,297.79998779296875,298.7900085449219,289.0,290.5199890136719,-0.023298110300751795,0.021740870431364464
2022-12-12,292.5199890136719,295.79998779296875,290.20001220703125,293.4200134277344,0.009982185473392802,0.02181136062999525
2022-12-13,294.79998779296875,294.79998779296875,290.4200134277344,291.5400085449219,-0.006407214221178292,0.021555435615183277
2022-12-14,291.0,293.3699951171875,284.0,285.1400146484375,-0.021952369173708908,0.021910067639948207
2022-12-15,285.5,287.989990234375,281.989990234375,283.7900085449219,-0.004734537540022621,0.021853417745222703
2022-12-16,283.79998779296875,305.6199951171875,278.0,290.3599853515625,0.023150839031743642,0.022265180157280993
2022-12-19,290.3599853515625,296.8299865722656,290.3599853515625,293.8699951171875,0.01208847617682296,0.02220560944249961
2022-12-20,295.0,295.05999755859375,290.3999938964844,293.17999267578125,-0.002347985343420622,0.022097267338414984
2022-12-21,292.3999938964844,304.0,292.3999938964844,302.17999267578125,0.030697865559853543,0.02279620931171373
2022-12-22,303.7799987792969,305.0,295.2099914550781,299.67999267578125,-0.008273214840806231,0.022856917604902865
2022-12-23,296.260009765625,299.0400085449219,290.0199890136719,294.7900085449219,-0.016317352677426733,0.022814772234690448
2022-12-26,294.7799987792969,304.5,291.8399963378906,303.2099914550781,0.028562646854000118,0.0166101401057972
2022-12-27,301.1000061035156,308.0,294.239990234375,296.989990234375,-0.020513839899714004,0.016401247118918456
2022-12-28,295.0199890136719,306.3999938964844,294.69000244140625,304.9599914550781,0.026835925394029125,0.017203361698963682
2022-12-29,302.0,310.0,300.5,308.4800109863281,0.01154256174541013,0.017360659553003657
2022-12-30,305.3999938964844,310.0,305.3999938964844,309.4599914550781,0.003176803792299676,0.016647601456305415
2023-01-02,309.0,310.0,302.2099914550781,307.4700012207031,-0.00643052507375208,0.01437904017715568
2023-01-03,307.6600036621094,311.989990234375,300.45001220703125,301.4800109863281,-0.019481543599680684,0.01486123241380963
2023-01-04,301.4100036621094,304.0,298.010009765625,300.25,-0.00407990892100607,0.01483504264642529
2023-01-05,301.8900146484375,307.0,298.42999267578125,305.82000732421875,0.018551231720961736,0.015001815155282443
2023-01-06,306.1600036621094,306.1600036621094,299.0,299.9700012207031,-0.019128918852302834,0.015449692947974391
2023-01-09,299.9700012207031,304.0,299.9700012207031,302.1300048828125,0.00720073225095641,0.015433858443899957
2023-01-10,299.3999938964844,303.8399963378906,299.3999938964844,301.6300048828125,-0.0016549167309415358,0.015243353543450019
2023-01-11,301.55999755859375,303.55999755859375,299.2900085449219,300.4700012207031,-0.0038457833880288783,0.015222823947297962
2023-01-12,303.0,308.6099853515625,301.010009765625,301.82000732421875,0.004492981322697931,0.015242749650581639
2023-01-13,301.79998779296875,303.3599853515625,299.2900085449219,300.1700134277344,-0.005466814182109259,0.015279318246699604
2023-01-16,301.57000732421875,302.989990234375,299.010009765625,300.44000244140625,0.0008994536482467286,0.015269205849278595
2023-01-17,300.44000244140625,301.0,298.79998779296875,300.32000732421875,-0.0003993979370670031,0.01520665476875796
2023-01-18,300.0,301.260009765625,296.0,297.94000244140625,-0.007924896193289954,0.015224438092150428
2023-01-19,296.20001220703125,300.8500061035156,293.80999755859375,297.760009765625,-0.0006041238984572095,0.015066723689572625
2023-01-20,296.79998779296875,299.9800109863281,294.8500061035156,297.1499938964844,-0.002048682996822815,0.014411923244207838
2023-01-23,297.2200012207031,297.3299865722656,284.2200012207031,287.1499938964844,-0.03365303787784568,0.015610783367703168
2023-01-24,286.0,291.0,284.4100036621094,286.239990234375,-0.003169088216792404,0.015580426795627433
2023-01-25,286.6400146484375,292.2799987792969,285.8299865722656,291.1199951171875,0.017048648159947,0.015353693050918696
2023-01-27,292.0,293.75,284.9599914550781,286.989990234375,-0.014186606732904061,0.015566807560305379
2023-01-30,280.0,303.75,280.0,297.4800109863281,0.036551869782588176,0.01640897438427103
2023-01-31,297.4800109863281,302.79998779296875,294.4100036621094,301.45001220703125,0.013345438597841097,0.016440004803163252
2023-02-01,298.6000061035156,299.989990234375,288.0,290.07000732421875,-0.037750885460229755,0.01789347579440695
2023-02-02,287.9700012207031,293.79998779296875,287.5899963378906,288.2900085449219,-0.006136445459207107,0.016938426151944037
2023-02-03,286.20001220703125,290.25,286.20001220703125,288.239990234375,-0.00017349997941074058,0.016890047717193574
2023-02-06,288.239990234375,294.8900146484375,286.9800109863281,293.7300109863281,0.019046700450860543,0.017029099598070647
2023-02-07,294.0,295.0,290.20001220703125,291.010009765625,-0.009260208759634514,0.01622416892167171
2023-02-08,291.19000244140625,293.6700134277344,290.0,292.739990234375,0.005944745578144506,0.015855294005501418
2023-02-09,292.739990234375,300.0,289.010009765625,291.1099853515625,-0.0055680977563313805,0.015020578576687985
2023-02-10,288.0,298.989990234375,288.0,293.739990234375,0.009034402855114587,0.01495265916953003
2023-02-13,292.0,293.4800109863281,287.2200012207031,291.4700012207031,-0.00772788550806669,0.014967022883223746
2023-02-14,290.1300048828125,290.7799987792969,286.0,287.489990234375,-0.013654959239919995,0.015100193842661133
2023-02-15,286.5400085449219,287.9700012207031,284.20001220703125,286.42999267578125,-0.0036870764012674195,0.014745410575195258
2023-02-16,286.79998779296875,288.32000732421875,281.010009765625,283.2900085449219,-0.010962483717316673,0.014838570091511778
2023-02-17,284.3999938964844,284.3999938964844,278.79998779296875,280.239990234375,-0.010766416811566537,0.014409228432465185
2023-02-20,279.0,280.70001220703125,269.2799987792969,275.9100036621094,-0.015450994587333122,0.014280639839565274
2023-02-21,273.20001220703125,283.0,272.3999938964844,279.9800109863281,0.014751213331152258,0.014525299745970817
2023-02-22,280.0,283.760009765625,273.79998779296875,275.1099853515625,-0.017394190455273018,0.014778285285839727
2023-02-23,277.6000061035156,277.8500061035156,272.6000061035156,275.7699890136719,0.0023990538230227454,0.01480928617798384
2023-02-24,275.20001220703125,277.05999755859375,266.6000061035156,268.4700012207031,-0.026471291597313096,0.015356086504583468
2023-02-27,267.0,269.0299987792969,262.2200012207031,268.1300048828125,-0.0012664220819633698,0.01535933611225141
2023-02-28,267.04998779296875,269.8699951171875,263.6199951171875,268.8599853515625,0.0027224870602193807,0.015381510466598887
2023-03-01,269.0,271.3999938964844,265.6000061035156,269.3500061035156,0.0018225871407095973,0.01540269121619476
2023-03-02,270.8699951171875,271.989990234375,265.44000244140625,267.9100036621094,-0.0053462127669410275,0.015384367160093459
2023-03-03,268.3399963378906,271.20001220703125,266.0,268.57000732421875,0.0024635275021001046,0.01541389793145539
2023-03-06,269.9700012207031,273.6000061035156,266.0,272.5199890136719,0.014707456461006352,0.015761159666425748
2023-03-08,273.0,278.6000061035156,272.04998779296875,277.2900085449219,0.01750337488458764,0.01505502594382726
2023-03-09,277.2900085449219,278.3999938964844,274.57000732421875,276.9599914550781,-0.0011901513926719787,0.015049775188786918
2023-03-10,277.9599914550781,289.82000732421875,274.989990234375,280.30999755859375,0.012095631885008062,0.014871188524083376
2023-03-13,277.989990234375,284.0,275.3900146484375,279.989990234375,-0.0011416193749987924,0.014666265973750004
2023-03-14,279.989990234375,284.1700134277344,271.4700012207031,275.1600036621094,-0.017250568737198546,0.013164216030696198
2023-03-15,275.0,277.510009765625,271.9599914550781,273.8900146484375,-0.004615456449954869,0.012822139569643214
2023-03-16,269.7799987792969,272.17999267578125,266.010009765625,268.4800109863281,-0.01975246767960348,0.011498158375652153
2023-03-17,268.79998779296875,271.1400146484375,268.79998779296875,270.05999755859375,0.005884931866849685,0.011576654037537487
2023-03-20,264.0,274.0,264.0,270.0,-0.00022216381224970938,0.01157637672459351
2023-03-21,270.0,270.6600036621094,265.20001220703125,266.29998779296875,-0.013703748914930536,0.011044274026486887
2023-03-22,268.9599914550781,272.8299865722656,256.3999938964844,265.0299987792969,-0.004769016417151328,0.010989646910059785
2023-03-23,264.05999755859375,268.79998779296875,263.0,264.2799987792969,-0.0028298683298284555,0.010857873320982389
2023-03-24,265.6000061035156,270.0,262.05999755859375,265.9800109863281,0.006432617734537516,0.010993410554563503
2023-03-27,268.0,273.010009765625,266.55999755859375,269.2799987792969,0.012406901483805077,0.011136459047298302
2023-03-28,266.8399963378906,272.95001220703125,266.8399963378906,270.1000061035156,0.00304518466999415,0.011146890813988236
2023-03-29,269.0,273.2099914550781,266.0199890136719,269.2200012207031,-0.003258070577292882,0.010947135935674963
2023-03-31,269.239990234375,283.9800109863281,269.239990234375,280.2900085449219,0.04111881462753475,0.013488565799509827
2023-04-03,279.9800109863281,281.20001220703125,275.82000732421875,278.6300048828125,-0.005922450360349996,0.01338649608557384
2023-04-05,280.0,284.0,276.6000061035156,282.9200134277344,0.015396793129749842,0.013543662177859602
2023-04-06,283.6000061035156,289.8299865722656,281.010009765625,288.17999267578125,0.018591753847030157,0.013595348959112975
2023-04-10,288.17999267578125,289.0,281.6099853515625,285.3699951171875,-0.009750841939104249,0.013510048938812086
2023-04-11,285.3699951171875,295.6000061035156,285.3699951171875,291.7900085449219,0.022497156455071554,0.013627956156442338
2023-04-12,291.7900085449219,298.0,290.239990234375,297.2200012207031,0.01860924814684073,0.013959469046663696
2023-04-13,298.0,299.69000244140625,293.510009765625,296.7900085449219,-0.00144671514035144,0.012867786858212098
2023-04-17,298.54998779296875,303.6000061035156,294.8800048828125,302.010009765625,0.01758819727892913,0.013089152002628586
2023-04-18,300.5,301.8599853515625,297.79998779296875,300.0799865722656,-0.006390593460320004,0.013226202220821251
2023-04-19,300.0899963378906,301.6499938964844,297.0,297.9800109863281,-0.006998052785608833,0.013367867087882684
2023-04-20,297.9800109863281,303.6000061035156,297.5199890136719,303.05999755859375,0.01704807834408295,0.013484007397961711
2023-04-21,303.6000061035156,303.6000061035156,295.4800109863281,299.45001220703125,-0.011911784401253844,0.013799753713549402
2023-04-24,298.80999755859375,301.6000061035156,296.010009765625,300.6400146484375,0.003973960236754115,0.0136434731038625
2023-04-25,300.6400146484375,307.8999938964844,298.55999755859375,304.32000732421875,0.012240528527396988,0.013488405947009537
2023-04-26,301.55999755859375,305.010009765625,294.0,296.8900146484375,-0.02441506472450039,0.014385298729957448
2023-04-27,293.2200012207031,296.7900085449219,292.3999938964844,293.2799987792969,-0.012159438482346463,0.014503769945218086
2023-04-28,294.2200012207031,304.0,294.2200012207031,302.1099853515625,0.030107701203689885,0.015394161069700037
2023-05-02,302.20001220703125,304.7900085449219,298.6099853515625,300.1400146484375,-0.006520707022750538,0.015036306210233163
2023-05-03,298.6099853515625,302.9700012207031,295.6000061035156,299.0400085449219,-0.003664976510393325,0.015020679765219234
2023-05-04,299.0400085449219,300.1300048828125,296.54998779296875,297.70001220703125,-0.004480993511238873,0.014470269462849789
2023-05-05,297.0,301.0,296.4100036621094,299.9800109863281,0.007658712414533975,0.014483757008648115
2023-05-08,299.9800109863281,304.0,298.79998779296875,299.510009765625,-0.001566775129975384,0.014498094958888123
2023-05-09,300.0,302.0,295.6099853515625,296.44000244140625,-0.010250099242496535,0.014369391623086111
2023-05-10,296.45001220703125,304.0,294.80999755859375,299.0899963378906,0.008939393721021816,0.01430930788814939
2023-05-11,300.6600036621094,303.79998779296875,291.4100036621094,300.489990234375,0.0046808449417437,0.014248800720988799
2023-05-12,300.489990234375,303.0,295.82000732421875,298.1000061035156,-0.00795362311069081,0.014418640625650984
2023-05-15,299.7900085449219,310.3900146484375,298.7900085449219,306.04998779296875,0.026668841082453598,0.014934441544532582
2023-05-16,307.55999755859375,309.989990234375,302.1000061035156,304.67999267578125,-0.004476376970530271,0.015020554063522469
2023-05-17,303.1400146484375,307.0,301.010009765625,306.1000061035156,0.004660671727288124,0.01495565153679438
2023-05-18,306.0,312.0,306.0,307.0299987792969,0.0030381988148890926,0.0132501071074836
2023-05-19,307.19000244140625,313.0,302.760009765625,307.44000244140625,0.0013353863262204335,0.01314503338258787
2023-05-22,304.6400146484375,325.989990234375,303.42999267578125,318.0799865722656,0.03460832697881333,0.014178561407994747
2023-05-23,316.010009765625,323.1199951171875,314.4100036621094,322.2300109863281,0.013047109498414367,0.014017131274870191
2023-05-24,323.0,330.0,320.3399963378906,321.7699890136719,-0.0014276198894328518,0.013820169080232128
2023-05-25,321.79998779296875,326.010009765625,315.0,318.57000732421875,-0.009944935198158422,0.013598583214823226
2023-05-26,319.510009765625,323.0,317.05999755859375,320.7900085449219,0.006968644786587763,0.01330124555211297
2023-05-29,328.6000061035156,328.6600036621094,319.4599914550781,321.1700134277344,0.0011845907686969248,0.013282085033261705
2023-05-30,320.1000061035156,323.8699951171875,318.0400085449219,321.010009765625,-0.0004981899163054582,0.012991210492694331
2023-05-31,321.20001220703125,327.0,318.0,324.42999267578125,0.010653820149263415,0.012979026494158805
2023-06-01,325.6000061035156,325.6000061035156,317.8900146484375,319.6199951171875,-0.01482599533699902,0.013256134072991461
2023-06-02,320.57000732421875,323.67999267578125,308.5899963378906,312.1000061035156,-0.02352790541441152,0.013772511624715177
2023-06-05,312.20001220703125,316.739990234375,303.7900085449219,308.3299865722656,-0.012079524054862012,0.013777997212325215
2023-06-06,308.3999938964844,325.0,308.3999938964844,323.9800109863281,0.05075738687646103,0.016497650342774662
2023-06-07,322.07000732421875,324.3999938964844,318.05999755859375,319.2799987792969,-0.01450710552395651,0.01668182830382474
2023-06-08,320.3999938964844,321.7699890136719,310.6000061035156,313.32000732421875,-0.01866697405996287,0.01640179447043591
2023-06-09,314.79998779296875,319.5899963378906,310.0,317.7799987792969,0.014234620677967103,0.016327959983338445
2023-06-12,319.20001220703125,322.989990234375,316.2099914550781,322.0199890136719,0.013342533358494224,0.015633410138744284
2023-06-13,322.3800048828125,325.0,319.1499938964844,322.6099853515625,0.0018321730265806746,0.015546025352666847
2023-06-14,323.0799865722656,326.4800109863281,319.8900146484375,320.9700012207031,-0.005083488439058148,0.0155676427332973
2023-06-15,321.94000244140625,325.6000061035156,320.0,320.7300109863281,-0.0007477030048361755,0.015524964392594558
2023-06-16,323.6700134277344,337.9800109863281,320.1099853515625,326.54998779296875,0.018146031263936546,0.015759064210693632
2023-06-19,328.42999267578125,345.4599914550781,328.010009765625,340.05999755859375,0.0413719499943459,0.017217033716697763
2023-06-20,347.79998779296875,356.79998779296875,342.1000061035156,344.19000244140625,0.012144930049000857,0.017045352045833014
2023-06-21,351.6000061035156,361.20001220703125,343.1000061035156,345.79998779296875,0.004677606380611099,0.017030254722261114
2023-06-22,346.79998779296875,371.54998779296875,346.1199951171875,364.8599853515625,0.055118560530444505,0.019332948782786536
2023-06-23,364.0,365.9700012207031,352.2099914550781,355.7799987792969,-0.024886221939401154,0.02000987497025706
2023-06-26,353.0,361.3900146484375,350.0400085449219,350.55999755859375,-0.0146719917887832,0.01996826474605679
2023-06-27,352.3999938964844,361.55999755859375,352.3999938964844,360.2099914550781,0.02752736753676932,0.020311621261107752
2023-06-28,365.0,365.0,356.0,357.45001220703125,-0.007662139622773512,0.020459368748757697
2023-06-30,358.8599853515625,361.20001220703125,356.05999755859375,357.5,0.00013984554836099505,0.020477653063697192
2023-07-03,357.5,361.0,349.0400085449219,351.260009765625,-0.01745451813811194,0.020885917892118747
2023-07-04,352.5899963378906,354.989990234375,349.1000061035156,351.2099914550781,-0.00014239682615801996,0.020117127400045075
2023-07-05,351.2099914550781,352.989990234375,344.0,349.5400085449219,-0.00475494134787402,0.020088359043991307
2023-07-06,349.6000061035156,362.0,349.0299987792969,356.3800048828125,0.019568564887219697,0.020296793773109313
2023-07-07,355.6000061035156,362.0,355.1000061035156,357.7099914550781,0.003731933761836448,0.0201348527243468
2023-07-10,359.79998779296875,360.79998779296875,353.0400085449219,356.9700012207031,-0.0020686876297888457,0.02015747469004434
2023-07-11,356.0,379.989990234375,355.0,368.010009765625,0.0309269924844362,0.020749082397002374
2023-07-12,371.2099914550781,379.3399963378906,366.0,376.1600036621094,0.022146120160358773,0.020962241753152505
2023-07-13,378.0,380.95001220703125,362.0,368.6499938964844,-0.019964934316544114,0.02144294287009759
2023-07-14,370.0,388.0,367.20001220703125,384.4800109863281,0.04294050549825523,0.0222281241717099
2023-07-17,386.75,388.0,376.19000244140625,386.010009765625,0.00397939746040854,0.02150608661878372
2023-07-18,387.79998779296875,387.79998779296875,378.6099853515625,384.1700134277344,-0.004766706280512789,0.021319135966460897
2023-07-19,384.0,388.9599914550781,383.9200134277344,387.2200012207031,0.007939161533601746,0.019700204847153888
2023-07-20,386.0,386.67999267578125,380.6400146484375,382.3299865722656,-0.012628517723831001,0.019635169763837928
2023-07-21,382.3399963378906,388.0,372.0899963378906,376.5899963378906,-0.015013183469693825,0.01948631620976646
2023-07-24,375.0,386.989990234375,369.0,381.29998779296875,0.012506947876682606,0.019464692933326953
2023-07-25,385.1000061035156,415.0,383.57000732421875,394.7300109863281,0.035221672235277834,0.020136976669542263
2023-07-26,394.7300109863281,397.20001220703125,388.010009765625,388.5299987792969,-0.015706969408125326,0.02054278121195427
2023-07-27,390.5799865722656,390.9100036621094,380.989990234375,382.3800048828125,-0.015828877862215873,0.020841732875705062
2023-07-28,384.3999938964844,387.0,380.0,385.8500061035156,0.00907474547934739,0.020808230784385873
2023-07-31,389.0,389.0,380.010009765625,382.760009765625,-0.00800828376055962,0.020846436288062733
2023-08-01,383.6000061035156,387.6000061035156,378.0,379.8900146484375,-0.0074981582296042015,0.01983264546086458
2023-08-02,381.8800048828125,389.0,367.29998779296875,370.5,-0.02471771904067377,0.020436080190266947
2023-08-03,374.9800109863281,383.9599914550781,368.30999755859375,370.1199951171875,-0.001025654204622084,0.020443166343785218
2023-08-04,372.05999755859375,378.9800109863281,366.7799987792969,369.3500061035156,-0.002080376698989417,0.0178685317802235
2023-08-07,373.0,378.5899963378906,366.8599853515625,371.260009765625,0.005171256614448394,0.017223521187102995
2023-08-08,371.260009765625,372.3699951171875,361.260009765625,364.7699890136719,-0.017481066048697924,0.017322177787928873
2023-08-09,366.67999267578125,378.0,364.6000061035156,375.9599914550781,0.03067687249069939,0.017494243207835655
2023-08-10,377.989990234375,383.20001220703125,364.70001220703125,366.92999267578125,-0.02401850990672727,0.018038427731537146
2023-08-11,366.92999267578125,376.2099914550781,366.92999267578125,372.760009765625,0.01588863599655399,0.018239704550602875
2023-08-14,377.0,379.0,368.82000732421875,375.760009765625,0.00804807361681914,0.01791464344828041
2023-08-16,377.0,385.6600036621094,376.3999938964844,379.94000244140625,0.011124101999008484,0.017977406353610614
2023-08-17,381.94000244140625,385.79998779296875,378.0,380.4100036621094,0.0012370406318971128,0.01792401842314763
2023-08-18,382.0,389.0,380.0899963378906,386.010009765625,0.0147209748681838,0.01779066112805175
2023-08-21,389.0,389.6000061035156,382.0899963378906,384.8699951171875,-0.0029533292391294985,0.017820656744852673
2023-08-22,386.44000244140625,404.0,383.6099853515625,396.3999938964844,0.029958164901335405,0.01847880301109355
2023-08-23,396.3999938964844,399.6600036621094,392.2699890136719,394.20001220703125,-0.005549903439271087,0.017810948059221957
2023-08-24,394.20001220703125,404.0,390.0199890136719,400.4200134277344,0.01577879509916502,0.017604846892705094
2023-08-25,399.760009765625,402.510009765625,396.19000244140625,399.82000732421875,-0.0014984418445506131,0.0171180028892755
2023-08-28,402.0,407.6000061035156,393.0,395.17999267578125,-0.011605258775043925,0.015536666149776368
2023-08-29,395.17999267578125,398.55999755859375,390.0,391.75,-0.008679570675014792,0.015625492990130666
2023-08-30,392.0,396.0,384.0199890136719,389.6199951171875,-0.005437153497925951,0.015633924636404575
2023-08-31,390.0,403.489990234375,390.0,399.6600036621094,0.02576871995982155,0.01624980656410741
2023-09-01,400.7200012207031,400.7200012207031,385.29998779296875,386.7099914550781,-0.03240257240747002,0.01720241540769828
2023-09-04,395.760009765625,419.79998779296875,393.7900085449219,399.5899963378906,0.033306625552520064,0.01794377942406977
2023-09-05,400.3999938964844,411.3299865722656,399.82000732421875,406.1300048828125,0.01636679747956382,0.01803433770834457
2023-09-06,409.7799987792969,412.80999755859375,406.1300048828125,411.1400146484375,0.012335975439861091,0.01704917325440664
2023-09-07,413.0899963378906,428.989990234375,412.8999938964844,417.8599853515625,0.016344725552610573,0.01693768727099907
2023-09-08,422.94000244140625,433.79998779296875,418.7699890136719,429.760009765625,0.028478497179026396,0.017207869006137216
2023-09-11,432.3999938964844,445.9800109863281,424.2699890136719,427.79998779296875,-0.004560736057608428,0.017250438369557353
2023-09-12,439.3599853515625,442.0,411.0199890136719,413.1199951171875,-0.03431508437275965,0.018484791459355474
2023-09-13,417.9800109863281,426.0,412.0,417.55999755859375,0.010747488608356504,0.018437346355910756
2023-09-14,420.9800109863281,431.0,418.0199890136719,428.0199890136719,0.025050271856106976,0.018062702027529676
2023-09-15,428.0199890136719,430.75,393.8999938964844,411.05999755859375,-0.03962429767394904,0.019796705263489006
2023-09-18,411.010009765625,411.70001220703125,397.1700134277344,399.0400085449219,-0.02924144671109352,0.020671606308095676
2023-09-20,400.8599853515625,402.55999755859375,390.0,391.57000732421875,-0.018719930485020964,0.02103365271380612
2023-09-21,393.20001220703125,406.5799865722656,391.79998779296875,397.25,0.014505688815635631,0.020822188107286633
2023-09-22,396.0,400.989990234375,395.0899963378906,398.6099853515625,0.0034234999410005518,0.02015962105406223
2023-09-25,399.79998779296875,404.0,393.0,394.2699890136719,-0.010887826440330817,0.01970941097851762
2023-09-26,397.4700012207031,400.6000061035156,391.0799865722656,393.05999755859375,-0.0030689413061976145,0.019571654541620485
2023-09-27,394.20001220703125,397.3900146484375,392.0,394.45001220703125,0.003536393062309351,0.019540530132499182
2023-09-28,395.20001220703125,401.75,390.29998779296875,393.1000061035156,-0.003422502374792802,0.019481692973862635
2023-09-29,395.1600036621094,399.17999267578125,393.5899963378906,395.3599853515625,0.005749120358577997,0.019498442268138114
2023-10-03,397.44000244140625,399.0400085449219,383.6000061035156,386.4599914550781,-0.022511114493719675,0.019808390725432144
2023-10-04,386.5899963378906,395.55999755859375,384.8999938964844,386.0,-0.0011902692781888824,0.019801237450082238
2023-10-05,392.0,392.0,384.70001220703125,385.8699951171875,-0.0003368002145401894,0.018991877878680077
2023-10-06,386.989990234375,391.510009765625,382.07000732421875,383.5899963378906,-0.005908722647907427,0.018995135948915574
2023-10-09,380.20001220703125,390.17999267578125,378.1000061035156,382.19000244140625,-0.0036497143039443403,0.018742253348213157
2023-10-10,382.20001220703125,390.0,381.80999755859375,384.989990234375,0.007326167024471086,0.018809484662468748
2023-10-11,388.79998779296875,388.79998779296875,379.0,379.79998779296875,-0.013480876316411927,0.018848726588004027
2023-10-12,381.79998779296875,387.0,378.239990234375,381.19000244140625,0.0036598596448487175,0.01881335115836188
2023-10-13,382.79998779296875,390.0,378.3699951171875,385.3299865722656,0.010860683922306658,0.018908068377488617
2023-10-16,386.989990234375,399.7099914550781,378.80999755859375,386.2200012207031,0.002309746657286338,0.018271642990694708
2023-10-17,390.6000061035156,393.0,371.0,381.9599914550781,-0.011030008161567628,0.017399978782626477
2023-10-18,381.9599914550781,392.8299865722656,380.30999755859375,389.3999938964844,0.019478486249472127,0.016646837635586855
2023-10-19,387.7699890136719,396.79998779296875,384.2900085449219,394.9800109863281,0.014329782170790395,0.01657872975481121
2023-10-20,393.6000061035156,397.6000061035156,388.0,389.7799987792969,-0.013165254094874346,0.016536023901896898
2023-10-23,389.75,389.760009765625,370.80999755859375,374.9700012207031,-0.03799578635377732,0.0174486595381304
2023-10-25,377.9800109863281,379.3900146484375,365.04998779296875,366.4599914550781,-0.022695174915115635,0.01670468455783196
2023-10-26,364.989990234375,368.0,354.4100036621094,367.20001220703125,0.0020193766555927084,0.016755957399782206
2023-10-27,370.4800109863281,380.0,364.57000732421875,377.5799865722656,0.02826790310503058,0.016868265360347197
2023-10-30,381.5799865722656,384.989990234375,378.2900085449219,379.6199951171875,0.00540285136254548,0.01674743428026742
2023-10-31,384.45001220703125,391.79998779296875,375.010009765625,377.42999267578125,-0.005768933326945058,0.015888551276597326
2023-11-01,379.4200134277344,383.17999267578125,373.2900085449219,375.1300048828125,-0.006093812992081116,0.014411249374900556
2023-11-02,377.1000061035156,382.989990234375,368.7099914550781,369.94000244140625,-0.013835210124094388,0.013698687468379165
2023-11-03,373.1700134277344,379.8900146484375,370.79998779296875,372.0400085449219,0.005676612665991065,0.01341957990006349
2023-11-06,377.9800109863281,378.95001220703125,370.3999938964844,371.94000244140625,-0.00026880470169532433,0.01307417032224597
2023-11-07,376.0,380.9599914550781,372.6099853515625,377.4700012207031,0.014867986081083195,0.013403971396372897
2023-11-08,380.0,380.19000244140625,372.6499938964844,373.9700012207031,-0.009272260017170408,0.013369099503732657
2023-11-09,374.0,379.3500061035156,371.0,377.79998779296875,0.010241427279631843,0.013540957374105544
2023-11-10,376.70001220703125,377.95001220703125,372.8599853515625,373.7200012207031,-0.010799329550273629,0.013619677076419909
2023-11-13,377.739990234375,377.75,371.239990234375,373.5199890136719,-0.0005351926746707258,0.013617343827564396
2023-11-15,375.6300048828125,380.0,370.3999938964844,379.07000732421875,0.014858691566152604,0.013886055077664173
2023-11-16,378.79998779296875,379.79998779296875,369.5,372.6099853515625,-0.017041764971743034,0.013631650000605016
2023-11-17,372.3399963378906,374.0,369.20001220703125,371.760009765625,-0.0022811401179588797,0.013633283271280827
2023-11-20,373.20001220703125,388.55999755859375,372.0,387.6000061035156,0.042608123310188484,0.015804616198885735
2023-11-21,389.79998779296875,394.25,385.20001220703125,387.1099853515625,-0.001264243406183696,0.01576470695529861
2023-11-22,389.6600036621094,393.1099853515625,387.0,388.8299865722656,0.004443184846139037,0.01576183037781001
2023-11-23,390.0,392.0,385.010009765625,386.1400146484375,-0.0069181185009459245,0.015769702433398074
2023-11-24,389.2699890136719,389.69000244140625,383.2300109863281,385.2900085449219,-0.0022012898722488794,0.015564931330012624
2023-11-28,386.19000244140625,389.5199890136719,381.5199890136719,383.6000061035156,-0.004386312657804647,0.015579619882578836
2023-11-29,386.9200134277344,393.5899963378906,380.79998779296875,391.45001220703125,0.020464040611608558,0.0158989030774428
2023-11-30,394.0,397.79998779296875,384.4700012207031,391.0799865722656,-0.0009452691869374918,0.015898272609176735
2023-12-01,394.6000061035156,397.3900146484375,387.7799987792969,389.25,-0.004679315319367494,0.015780766962238218
2023-12-04,394.0,396.0,387.7200012207031,394.54998779296875,0.013615896706406616,0.015575820568850273
2023-12-05,396.989990234375,399.9800109863281,393.75,398.2099914550781,0.009276400393731343,0.01544851955176441
2023-12-06,398.9800109863281,403.79998779296875,395.1700134277344,396.3900146484375,-0.004570394630205921,0.01526716574963769
2023-12-07,400.1199951171875,400.1199951171875,390.0,391.9599914550781,-0.011175920254420157,0.013621292827819919
2023-12-08,391.9599914550781,393.79998779296875,382.3399963378906,384.8599853515625,-0.018114109241502363,0.013363153560151728
2023-12-11,385.0,386.0400085449219,379.4200134277344,380.0199890136719,-0.012575992626173815,0.013615177363958939
2023-12-12,381.9800109863281,383.19000244140625,374.0,380.0,-5.259990066253106e-05,0.01262163045551988
2023-12-13,381.5199890136719,383.0,379.5299987792969,381.8800048828125,0.004947381270559159,0.012615539662678914
2023-12-14,384.0,387.6000061035156,381.3999938964844,386.92999267578125,0.013224017304908298,0.012777357706304547
2023-12-15,388.4599914550781,398.0799865722656,385.8299865722656,389.0199890136719,0.0054014844479679525,0.01273245574953766
2023-12-18,393.0,403.5,387.239990234375,389.55999755859375,0.001388125443864796,0.01240807857612723
2023-12-19,393.20001220703125,399.0,390.80999755859375,395.6199951171875,0.015556005741278023,0.012643443711103678
2023-12-20,397.79998779296875,401.7799987792969,388.9599914550781,390.2099914550781,-0.013674747810728971,0.012963887161327509
2023-12-21,390.2099914550781,396.989990234375,385.8599853515625,394.989990234375,0.012249811342534889,0.012880590867130393
2023-12-22,397.0,399.510009765625,393.3500061035156,395.8999938964844,0.002303865122175397,0.012716221256635801
2023-12-26,403.6499938964844,410.5899963378906,399.0,399.8399963378906,0.009952014403002085,0.012709844853694603
2023-12-27,403.3800048828125,403.9200134277344,397.80999755859375,399.989990234375,0.00037513479856476906,0.01248448685446016
2023-12-28,403.0,406.989990234375,398.0,399.75,-0.0005999906003507638,0.012485007321548138
2023-12-29,399.75,400.17999267578125,393.9599914550781,395.8399963378906,-0.009781122356746441,0.012443424340759174
2024-01-01,395.79998779296875,398.4100036621094,390.5899963378906,391.6199951171875,-0.010660876262490904,0.012166697180877524
2024-01-02,394.6000061035156,397.989990234375,387.6000061035156,388.739990234375,-0.007354080278640263,0.012259280320175344
2024-01-03,391.20001220703125,393.3399963378906,380.6499938964844,389.0,0.0006688526319822419,0.009497308478338004
2024-01-04,391.9800109863281,398.6099853515625,390.07000732421875,395.70001220703125,0.01722368176614708,0.009988573930130437
2024-01-05,399.239990234375,408.79998779296875,398.80999755859375,400.0400085449219,0.01096789538540599,0.010140958260353003
2024-01-08,400.20001220703125,404.510009765625,395.0,400.0199890136719,-5.004382267370655e-05,0.010033049225085971
2024-01-09,403.6300048828125,415.2300109863281,398.05999755859375,403.2799987792969,0.008149617157040545,0.010088932744059965
2024-01-10,407.20001220703125,407.20001220703125,401.4200134277344,404.989990234375,0.004240208937349221,0.010036067986728476
2024-01-11,406.3999938964844,408.2200012207031,402.42999267578125,403.1199951171875,-0.00461738601515882,0.00946096132110218
2024-01-12,403.6000061035156,405.79998779296875,399.0,401.4200134277344,-0.004217061197767991,0.009503195295664018
2024-01-15,401.4200134277344,401.4200134277344,401.4200134277344,401.4200134277344,0.0,0.009446459417744609
2024-01-16,400.0,404.0,398.4200134277344,402.260009765625,0.0020925621787459825,0.009148297594774778
2024-01-17,401.8599853515625,403.75,397.0799865722656,400.69000244140625,-0.0039029664547900467,0.009037310612503723
2024-01-18,401.9800109863281,406.94000244140625,395.3999938964844,404.4700012207031,0.009433723717251041,0.009141009269014112
2024-01-19,407.0,418.8500061035156,405.8599853515625,409.94000244140625,0.013523873721646762,0.00914557968399373
2024-01-23,411.7799987792969,413.6000061035156,400.9700012207031,403.44000244140625,-0.015855978829314332,0.00898617475746081
2024-01-24,403.44000244140625,423.0,399.3699951171875,416.67999267578125,0.032817742797574656,0.010247986403000927
2024-01-25,420.0,420.0,410.6300048828125,414.8500061035156,-0.004391827312163588,0.01032471625830505
2024-01-29,415.79998779296875,417.6499938964844,410.2099914550781,414.8399963378906,-2.4128638008269476e-05,0.010331950497906547
2024-01-30,416.5799865722656,420.0,412.4700012207031,415.29998779296875,0.0011088406593839917,0.010146153039320907
2024-01-31,415.55999755859375,431.30999755859375,415.29998779296875,427.2200012207031,0.028702176205400276,0.0112181876339217
2024-02-01,427.20001220703125,436.5799865722656,427.20001220703125,432.25,0.011773790470775092,0.011320527982048991
2024-02-02,433.0,434.0,425.6199951171875,429.54998779296875,-0.006246413434427445,0.011221506661566169
2024-02-05,419.79998779296875,428.7699890136719,412.3999938964844,418.5799865722656,-0.025538357659063315,0.012004110909721888
2024-02-06,425.9700012207031,434.3299865722656,412.80999755859375,426.7200012207031,0.019446736369542528,0.012276333776369466
2024-02-07,429.6600036621094,435.20001220703125,421.0199890136719,431.20001220703125,0.010498713379996971,0.012359227484028706
2024-02-08,431.2099914550781,434.79998779296875,420.760009765625,425.57000732421875,-0.013056597225023725,0.012619262908705383
2024-02-09,427.6000061035156,438.70001220703125,419.3900146484375,433.8699951171875,0.01950322543911187,0.013003483800909637
2024-02-12,438.70001220703125,438.70001220703125,421.2200012207031,425.6499938964844,-0.01894577019202015,0.013586947626095584
2024-02-13,424.7799987792969,439.8800048828125,424.7799987792969,436.82000732421875,0.026242249707281395,0.014076092087472026
2024-02-14,429.989990234375,436.19000244140625,424.20001220703125,432.67999267578125,-0.009477621397878555,0.0140369829168161
2024-02-15,434.8500061035156,455.7900085449219,431.17999267578125,447.57000732421875,0.03441345775281768,0.01497136399064529
2024-02-16,447.9599914550781,453.79998779296875,446.1000061035156,448.5400085449219,0.0021672614447563188,0.014959545766749542
2024-02-19,453.9599914550781,457.6499938964844,444.0400085449219,445.94000244140625,-0.005796597971160056,0.014894073102774918
2024-02-20,448.7699890136719,450.0,446.2200012207031,449.07000732421875,0.007018892374930585,0.014848651322918684
2024-02-21,452.6000061035156,453.0,437.80999755859375,444.69000244140625,-0.00975350126121921,0.015043579663447234
2024-02-22,440.30999755859375,446.0,439.989990234375,442.6700134277344,-0.004542465543596386,0.015090883251106333
2024-02-23,442.20001220703125,450.0,440.4200134277344,449.0799865722656,0.014480251541993505,0.015229908937594686
2024-02-26,453.0,455.510009765625,447.0,449.6099853515625,0.0011801879289750072,0.015159161525095107
2024-02-27,445.1099853515625,455.0,445.1099853515625,452.5899963378906,0.00662799111100254,0.01509165309248476
2024-02-28,448.1400146484375,461.3999938964844,448.0,457.9700012207031,0.011887149354480986,0.015135828180729801
2024-02-29,452.4100036621094,471.2799987792969,449.05999755859375,451.44000244140625,-0.014258573185779388,0.015515624265185381
2024-03-01,446.0,451.20001220703125,424.010009765625,443.07000732421875,-0.0185406589401077,0.015994443447360486
2024-03-04,442.0199890136719,449.79998779296875,427.510009765625,431.9599914550781,-0.025075079977171177,0.016773429116064158
2024-03-05,443.54998779296875,443.54998779296875,424.0,425.95001220703125,-0.013913277541750979,0.016889618971714572
2024-03-06,425.739990234375,431.239990234375,417.9800109863281,421.4100036621094,-0.010658547751643765,0.016732273599189038
2024-03-07,424.20001220703125,424.20001220703125,418.04998779296875,419.3800048828125,-0.004817158495659557,0.01568838795140013
2024-03-11,419.0,422.989990234375,406.0,409.4100036621094,-0.023773191627218915,0.01627769224153262
2024-03-12,415.54998779296875,415.54998779296875,396.32000732421875,409.4800109863281,0.0001709956366295895,0.016277850313062715
2024-03-13,409.4800109863281,409.4800109863281,394.9800109863281,398.9100036621094,-0.025813243725275936,0.016926368144708128
2024-03-14,390.0,412.2900085449219,389.5199890136719,397.45001220703125,-0.0036599519733147012,0.015958301744242672
2024-03-15,397.6000061035156,405.7900085449219,397.6000061035156,402.07000732421875,0.011624091018472393,0.015953777907112766
2024-03-18,380.4100036621094,399.8999938964844,377.1099853515625,394.3999938964844,-0.019076313298717396,0.016233095878926938
2024-03-19,392.6000061035156,399.1600036621094,392.6000061035156,397.1400146484375,0.006947314387312886,0.015733924539851694
2024-03-20,397.1400146484375,402.0,396.1199951171875,400.0400085449219,0.0073021951692566756,0.015323785341169223
2024-03-21,406.7900085449219,406.7900085449219,397.7799987792969,400.54998779296875,0.0012748206108230686,0.015155209691993791
2024-03-22,404.1300048828125,411.7900085449219,401.0,404.3399963378906,0.009462011385407365,0.015163986354417121
2024-03-26,406.0299987792969,424.19000244140625,406.0299987792969,409.57000732421875,0.01293468623855265,0.01489388721535315
2024-03-27,413.25,418.0,410.8800048828125,411.8800048828125,0.005640055466183513,0.014591968111369185
2024-03-28,412.0,415.44000244140625,410.17999267578125,411.8500061035156,-7.283378396927276e-05,0.013659477689153217
2024-04-01,411.8500061035156,419.0,406.4700012207031,408.7200012207031,-0.007599866059066596,0.013627680030599481
2024-04-02,410.8800048828125,418.3800048828125,409.5,415.05999755859375,0.01551183284144475,0.012264042080552607
2024-04-03,414.6000061035156,415.05999755859375,408.05999755859375,409.9200134277344,-0.012383713586211709,0.012362992786761971
2024-04-04,415.0,417.20001220703125,406.6000061035156,408.20001220703125,-0.004195943511809852,0.012353611335712177
2024-04-05,411.67999267578125,419.0,407.20001220703125,409.04998779296875,0.002082252720527533,0.012249801140621151
2024-04-08,411.989990234375,413.6000061035156,401.1300048828125,402.6499938964844,-0.01564599459106597,0.012407490872612174
2024-04-09,406.260009765625,406.260009765625,398.79998779296875,400.6199951171875,-0.005041596448698171,0.012409645917058782
2024-04-10,404.0799865722656,405.6499938964844,400.5199890136719,403.989990234375,0.008411949374123706,0.01215763166041843
2024-04-12,403.79998779296875,409.739990234375,394.0,395.5899963378906,-0.02079257927061784,0.01252543824247928
2024-04-15,393.989990234375,397.1600036621094,384.29998779296875,390.30999755859375,-0.013347149392491153,0.01246177659837934
2024-04-16,392.3599853515625,396.69000244140625,385.95001220703125,390.5299987792969,0.0005636576620615674,0.01210378260394953
2024-04-18,384.2300109863281,399.9800109863281,381.6000061035156,389.5799865722656,-0.002432622871484269,0.011991472787279174
2024-04-19,388.5199890136719,394.4700012207031,382.0,389.2200012207031,-0.0009240345088818991,0.011725323311606597
2024-04-22,391.1499938964844,397.2900085449219,391.0,392.54998779296875,0.008555538157910325,0.011263544530333874
2024-04-23,392.5799865722656,401.6000061035156,391.2099914550781,400.1099853515625,0.019258687539638553,0.011783879192719966
2024-04-24,401.6000061035156,409.6000061035156,401.1000061035156,405.30999755859375,0.012996456967856451,0.011975529390001394
2024-04-25,409.0,410.0,402.0,404.0899963378906,-0.0030100447263868846,0.011961389822232455
2024-04-26,402.20001220703125,406.1099853515625,396.2699890136719,400.9599914550781,-0.007745811356822729,0.011253923332059424
2024-04-29,402.79998779296875,407.79998779296875,398.82000732421875,405.5299987792969,0.011397664160043064,0.01146625252799686
2024-04-30,405.20001220703125,408.0,401.6400146484375,406.6700134277344,0.0028111721743622198,0.010408690558792377
2024-05-02,404.6700134277344,409.6000061035156,393.0,396.79998779296875,-0.02427035510086739,0.011344180443980282
2024-05-03,400.0199890136719,403.69000244140625,397.0,398.3900146484375,0.0040071242549994945,0.011158954471577944
2024-05-06,399.94000244140625,421.1600036621094,398.3999938964844,411.4200134277344,0.032706639976394225,0.01211021791232189
2024-05-07,415.20001220703125,415.7699890136719,406.42999267578125,411.7200012207031,0.0007291521636718645,0.012066551060945155
2024-05-08,411.79998779296875,414.67999267578125,403.3900146484375,405.2099914550781,-0.015811740372883465,0.012401566124776768
2024-05-09,405.5299987792969,414.260009765625,396.29998779296875,399.95001220703125,-0.012980872532680432,0.012641736864271986
2024-05-10,400.7900085449219,407.0,397.0,399.70001220703125,-0.000625078115688571,0.012515657009798075
2024-05-13,398.25,402.20001220703125,392.0,394.04998779296875,-0.014135662350532985,0.012503733152639675
2024-05-14,397.19000244140625,397.19000244140625,388.0299987792969,390.57000732421875,-0.00883131728601494,0.012509438222921245
2024-05-15,392.8800048828125,394.9800109863281,388.92999267578125,390.7699890136719,0.0005120252085488719,0.012512506941307826
2024-05-16,392.3999938964844,392.3999938964844,383.3599853515625,385.70001220703125,-0.012974324920492442,0.012638115627183515
2024-05-17,377.9599914550781,383.239990234375,373.0,378.20001220703125,-0.019445164020306605,0.012593261147126254
2024-05-21,390.44000244140625,390.44000244140625,379.010009765625,386.5,0.021946027300562942,0.013255275969108733
2024-05-22,389.8699951171875,390.0,379.69000244140625,381.1199951171875,-0.01391980564763906,0.01343171539583074
2024-05-23,383.6300048828125,384.42999267578125,373.54998779296875,374.55999755859375,-0.017212420346974122,0.013679333542981129
2024-05-24,377.739990234375,380.04998779296875,374.010009765625,375.1099853515625,0.0014683569963520604,0.013482381208331224
2024-05-27,377.989990234375,378.3800048828125,357.79998779296875,364.0799865722656,-0.029404705846364676,0.014360181963342242
2024-05-28,365.07000732421875,377.6000061035156,365.0,369.989990234375,0.016232706767957072,0.014644239339442717
2024-05-29,371.42999267578125,373.1099853515625,363.3999938964844,364.0799865722656,-0.015973415006080627,0.014465664959180377
2024-05-30,366.989990234375,369.6499938964844,361.0,364.69000244140625,0.001675499592503904,0.014342517635669775
2024-05-31,368.3299865722656,369.9599914550781,361.6099853515625,365.239990234375,0.0015080967103207055,0.014349739575425423
2024-06-03,376.19000244140625,376.19000244140625,361.0,366.5799865722656,0.0036688105730995346,0.014388484734832611
2024-06-04,370.0,375.0,350.0,369.4100036621094,0.007720053449469688,0.014495402663706095
2024-06-05,369.6099853515625,381.3999938964844,365.6099853515625,379.42999267578125,0.027124303387400683,0.015318752457419248
2024-06-06,378.6000061035156,385.1000061035156,374.0,376.8500061035156,-0.006799637936029446,0.014861247862889377
2024-06-07,377.92999267578125,385.0,377.8900146484375,380.32000732421875,0.009207910745661296,0.014746055739516732
2024-06-10,380.3800048828125,383.6600036621094,370.3999938964844,372.45001220703125,-0.020693087309704428,0.015135509926437201
2024-06-11,376.0,388.1600036621094,372.04998779296875,383.7699890136719,0.030393278119556832,0.016249446761499087
2024-06-12,386.3800048828125,394.75,382.0,393.07000732421875,0.024233313121875044,0.0167572399909526
2024-06-13,395.6600036621094,403.8900146484375,394.0899963378906,401.30999755859375,0.020963161983453826,0.01721742366770417
2024-06-14,406.0,410.3800048828125,402.04998779296875,407.3399963378906,0.015025787585609462,0.01682109734221687
2024-06-18,410.6300048828125,413.1400146484375,401.3399963378906,408.0199890136719,0.0016693491478729783,0.0168121490480668
2024-06-19,411.1600036621094,424.0,408.0199890136719,418.6300048828125,0.026003666866392328,0.016415166546247372
2024-06-20,422.0,422.80999755859375,411.0,413.92999267578125,-0.011227126943150978,0.01655917510518769
2024-06-21,417.510009765625,417.989990234375,409.1199951171875,410.8299865722656,-0.007489203871109074,0.016348131172092217
2024-06-24,409.8299865722656,414.25,406.3500061035156,410.9599914550781,0.0003164444832695068,0.016146575821395347
2024-06-25,437.989990234375,437.989990234375,420.20001220703125,425.6199951171875,0.03567258119264349,0.01733444413591927
2024-06-26,428.989990234375,432.79998779296875,421.6000061035156,425.69000244140625,0.00016448316578610012,0.017063068393305902
2024-06-27,425.989990234375,425.989990234375,416.0,420.57000732421875,-0.01202752023261866,0.017147436696691602
2024-06-28,429.3399963378906,437.3599853515625,415.0,416.8699951171875,-0.008797613102683566,0.017270535615750145
2024-07-01,416.8800048828125,428.0,416.8699951171875,426.7099914550781,0.023604472504969998,0.017445257427758206
2024-07-02,426.79998779296875,427.55999755859375,416.0,418.7799987792969,-0.01858403326516922,0.01740683329049755
2024-07-03,420.44000244140625,427.0,420.2099914550781,424.42999267578125,0.013491556217951173,0.01716548116887546
2024-07-04,425.07000732421875,431.79998779296875,419.3999938964844,425.3299865722656,0.002120476667566429,0.016858748688641425
2024-07-05,426.0,432.8699951171875,424.20001220703125,426.94000244140625,0.003785333552698056,0.016385452555939047
2024-07-08,426.94000244140625,427.989990234375,418.4200134277344,419.6700134277344,-0.017028128008852006,0.01684507476308275
2024-07-09,421.8900146484375,423.17999267578125,418.4100036621094,420.3800048828125,0.0016917850510194121,0.015639580932917826
2024-07-10,430.0,438.7799987792969,424.0,433.8500061035156,0.032042440326004895,0.016286825566381523
2024-07-11,433.9700012207031,437.6199951171875,428.0,432.6300048828125,-0.0028120345823207105,0.015861596209421534
2024-07-12,434.0,434.0,426.20001220703125,428.2799987792969,-0.01005479521628172,0.016111620896641962
2024-07-15,429.3500061035156,436.0,423.4599914550781,426.9700012207031,-0.0030587409225917295,0.01617206491971158
2024-07-16,428.760009765625,429.2200012207031,423.2099914550781,424.42999267578125,-0.00594891570288314,0.016301237346257574
2024-07-18,424.42999267578125,435.0,423.6099853515625,426.95001220703125,0.005937420952187633,0.01629431707425615
2024-07-19,428.0199890136719,429.6000061035156,421.0,424.05999755859375,-0.0067689766150799136,0.015874449034610227
2024-07-22,420.239990234375,429.010009765625,417.1099853515625,423.3599853515625,-0.0016507386008144387,0.015783082981801935
2024-07-23,424.4200134277344,427.1099853515625,417.20001220703125,423.0199890136719,-0.000803090395064876,0.015775137627181943
2024-07-24,424.69000244140625,428.0,421.2099914550781,424.29998779296875,0.0030258588542857456,0.015091425816271311
2024-07-25,420.20001220703125,429.3999938964844,418.4200134277344,428.3699951171875,0.009592287158407098,0.014316967388028113
2024-07-26,428.20001220703125,436.1000061035156,424.1700134277344,430.6400146484375,0.005299202925333368,0.013791450510588292
2024-07-29,431.7200012207031,437.20001220703125,428.0,429.1000061035156,-0.0035760925425823986,0.013420538077122601
2024-07-30,430.0,441.0,426.1000061035156,436.4599914550781,0.017152144597702534,0.013495359228751617
2024-07-31,435.3999938964844,436.4599914550781,426.20001220703125,429.3599853515625,-0.016267255286894655,0.013919122905608164
2024-08-01,430.3999938964844,433.17999267578125,425.0,428.3599853515625,-0.002329047964684472,0.013160316920550351
2024-08-02,424.0,429.0,420.010009765625,425.1700134277344,-0.007446941901471216,0.013058405914089924
2024-08-05,419.55999755859375,424.17999267578125,412.0,416.75,-0.019803874125204568,0.013519084300605578
2024-08-06,418.94000244140625,433.1099853515625,418.44000244140625,424.4599914550781,0.018500279436300282,0.013909570038769383
2024-08-07,428.6700134277344,431.19000244140625,421.04998779296875,428.1199951171875,0.008622729434552001,0.012389614519914667
2024-08-08,439.54998779296875,443.3999938964844,426.69000244140625,438.29998779296875,0.023778363056821794,0.013111802703213887
2024-08-09,436.05999755859375,449.20001220703125,435.260009765625,446.9200134277344,0.01966695385544326,0.013296813637587102
2024-08-12,450.0,450.0,441.010009765625,449.1199951171875,0.004922540104167483,0.013143685813694583
2024-08-13,449.0,450.0,437.4100036621094,444.5799865722656,-0.010108676064928379,0.012717561020611117
2024-08-14,444.5799865722656,454.989990234375,444.0,449.239990234375,0.010481811603887614,0.012237057497951034
2024-08-16,450.0799865722656,467.20001220703125,449.239990234375,462.489990234375,0.029494257608471797,0.013057799168999372
2024-08-19,466.0,479.17999267578125,461.6300048828125,475.07000732421875,0.027200625646986554,0.013785534227859622
2024-08-20,487.989990234375,487.989990234375,466.010009765625,474.6400146484375,-0.0009051143392594385,0.013812097824184005
2024-08-21,476.2900085449219,497.6000061035156,474.6000061035156,486.8699951171875,0.025766855071856165,0.013815078832229568
2024-08-22,487.0299987792969,494.9700012207031,485.0899963378906,488.3999938964844,0.0031425201689181392,0.013805437142458297
2024-08-23,488.3999938964844,499.3999938964844,488.3999938964844,494.2200012207031,0.011916477061734598,0.012911240273105931
2024-08-26,496.2099914550781,499.6000061035156,490.6400146484375,496.010009765625,0.0036218860841339406,0.012839998726349009
2024-08-27,496.010009765625,507.7900085449219,494.17999267578125,504.3500061035156,0.016814169419345992,0.012715659592151091
2024-08-28,505.1000061035156,505.7900085449219,493.05999755859375,502.04998779296875,-0.004560361421062087,0.012753583214665737
2024-08-29,502.04998779296875,502.3800048828125,491.20001220703125,492.7699890136719,-0.018484212737644112,0.013333513899786101
2024-08-30,491.0199890136719,519.3900146484375,491.0199890136719,506.20001220703125,0.027254141877107507,0.013935497448045245
2024-09-02,506.20001220703125,521.6300048828125,503.0,509.0199890136719,0.005570874631838807,0.013732811734411121
2024-09-03,513.2000122070312,522.4000244140625,510.2799987792969,513.0499877929688,0.007917171950566848,0.013655171543346714
2024-09-04,513.0,530.7999877929688,512.1199951171875,523.3300170898438,0.02003709100763751,0.013799367765500994
2024-09-05,526.0800170898438,538.7999877929688,520.3499755859375,535.8599853515625,0.023942766232665003,0.014105700913508162
2024-09-06,535.969970703125,537.0,522.2000122070312,531.4600219726562,-0.008211031797829671,0.01440371464759383
2024-09-09,535.5999755859375,538.2000122070312,524.010009765625,526.75,-0.008862420084155609,0.01470100369485289
2024-09-10,527.77001953125,538.7999877929688,519.469970703125,527.5,0.0014238253440910231,0.014606866863654018
2024-09-11,537.7999877929688,541.0,528.8300170898438,533.1400146484375,0.010691970897511949,0.014499389705416782
2024-09-12,536.0,573.22998046875,536.0,547.1799926757812,0.02633450433579254,0.014247007416290827
2024-09-13,557.0,580.0,549.0499877929688,552.3499755859375,0.00944841364698723,0.014108089065444362
2024-09-16,551.0499877929688,580.0,543.0,574.2999877929688,0.03973931959306509,0.014866665664263782
2024-09-17,569.1500244140625,570.75,558.0,562.0499877929688,-0.0213303156196758,0.014975036251259401
2024-09-18,561.8499755859375,562.2999877929688,539.1500244140625,545.0,-0.03033535835472545,0.0165996984085025
2024-09-19,546.75,566.5,544.1500244140625,550.75,0.010550458715596234,0.016603921570499853
2024-09-20,554.4000244140625,558.4500122070312,544.5499877929688,546.9000244140625,-0.006990423215501584,0.016582002175737146
2024-09-23,545.0,552.9000244140625,542.2000122070312,544.2000122070312,-0.004936939269519991,0.01656988635117763
2024-09-24,543.1500244140625,554.0,543.1500244140625,552.0999755859375,0.01451665417438619,0.01662652181914048
2024-09-25,553.2000122070312,553.2000122070312,540.0999755859375,546.7999877929688,-0.009599688511748083,0.016608671517412056
2024-09-26,545.9500122070312,546.0499877929688,540.0,542.6500244140625,-0.0075895454856474975,0.016806633449668918
2024-09-27,540.0,547.2000122070312,540.0,545.0999755859375,0.004514790494150267,0.016234768837985004
2024-09-30,550.0,560.0,541.1500244140625,556.5499877929688,0.021005343459653325,0.01598832493655972
2024-10-01,560.0,566.0,551.4000244140625,556.1500244140625,-0.000718647718405907,0.015985819899738636
2024-10-03,545.25,545.25,519.7000122070312,541.7999877929688,-0.025802456155984865,0.016487209368976456
2024-10-04,536.7999877929688,561.5999755859375,535.7000122070312,549.75,0.014673334046048536,0.016607714525549606
2024-10-07,550.9500122070312,558.0,532.0,534.1500244140625,-0.028376490379149577,0.017554813634195875
2024-10-08,534.2000122070312,550.0,528.4000244140625,539.5,0.01001586696884682,0.017604609159180207
2024-10-09,544.0,550.0,533.0,534.9500122070312,-0.008433712313195119,0.01752252544614651
2024-10-10,537.0,543.2999877929688,527.0999755859375,541.25,0.011776778482492256,0.01756178247915068
2024-10-11,536.4000244140625,559.5,536.4000244140625,548.7999877929688,0.013949169132505768,0.01721016003768272
2024-10-14,551.7999877929688,552.9500122070312,542.5,545.2000122070312,-0.006559722423491676,0.016717222308312542
2024-10-15,550.2999877929688,566.7999877929688,545.8499755859375,559.4500122070312,0.026137196773555527,0.017255762440441254
2024-10-16,560.75,563.4500122070312,546.75,555.4000244140625,-0.007239230859950374,0.017337527394913305
2024-10-17,551.0,557.0499877929688,540.0999755859375,542.1500244140625,-0.023856678821680855,0.017680767168322717
2024-10-18,542.0,564.9500122070312,533.8499755859375,540.2000122070312,-0.0035968129101142665,0.01717384816080978
2024-10-21,540.2000122070312,548.4000244140625,535.7000122070312,544.8499755859375,0.00860785500523864,0.01715718553877298
2024-10-22,544.9500122070312,545.0,522.0999755859375,526.25,-0.03413779282257445,0.018242980115536742
2024-10-23,525.0,535.0,523.75,532.2999877929688,0.011496413858372856,0.01835994062353814
2024-10-24,532.0,534.5999755859375,520.0,520.7000122070312,-0.021792177065480534,0.01869091738391846
2024-10-25,518.0,526.7999877929688,513.5,522.75,0.003936984338217542,0.018012223091551018
2024-10-28,523.5,527.6500244140625,507.79998779296875,516.4500122070312,-0.012051626576697783,0.017994887489100064
2024-10-29,517.9500122070312,530.0,511.3500061035156,526.9000244140625,0.020234314957944255,0.016740431391375474
2024-10-30,522.0,541.7999877929688,520.8499755859375,536.7999877929688,0.01878907367657745,0.016805738629909476
2024-10-31,532.7999877929688,551.0499877929688,532.7999877929688,544.9000244140625,0.015089487342197394,0.016141459003498483
2024-11-01,550.0,557.7999877929688,533.4000244140625,541.4500122070312,-0.006331459079564339,0.01605936658920731
2024-11-04,534.0,562.5,534.0,548.0499877929688,0.012189445816124467,0.016171086052941586
2024-11-05,553.5499877929688,559.0,540.5499877929688,556.7999877929688,0.01596569691614591,0.016391069416654917
2024-11-06,565.0,584.0,555.0,559.6500244140625,0.005118600365618953,0.016210542744044217
2024-11-07,568.0,569.7999877929688,557.0,564.4000244140625,0.008487447141583004,0.016155119585812294
2024-11-08,563.9500122070312,574.4500122070312,556.0499877929688,570.1500244140625,0.010187809623093846,0.01614826752123729
2024-11-11,585.0,603.4500122070312,552.3499755859375,562.9500122070312,-0.012628276591640342,0.016350065334308408
2024-11-12,562.9500122070312,575.3499755859375,545.0999755859375,554.5499877929688,-0.014921439260886404,0.016164418431065294
2024-11-13,554.3499755859375,561.8499755859375,546.0999755859375,554.2000122070312,-0.0006310983565798178,0.01616429081472525
2024-11-14,556.1500244140625,566.0,555.0,560.0999755859375,0.010645909868190806,0.01551396483011026
2024-11-18,560.0999755859375,566.0499877929688,550.7000122070312,557.75,-0.004195635937100595,0.015331353103647954
2024-11-19,562.9500122070312,572.2999877929688,558.1500244140625,567.2000122070312,0.01694309674053107,0.014593141818218502
2024-11-21,563.9500122070312,591.6500244140625,563.9500122070312,584.0,0.029619159787388494,0.015377336603578174
2024-11-22,585.6500244140625,606.0,580.2000122070312,595.25,0.019263698630136883,0.015512970689608843
2024-11-25,608.9500122070312,615.0,593.4000244140625,596.7000122070312,0.002435971788376623,0.0154384839970659
2024-11-26,596.7000122070312,604.0,595.0,599.0999755859375,0.004022060214192713,0.015309806361411304
2024-11-27,604.5,609.0,582.0499877929688,588.5,-0.017693166446168584,0.015680994066755646
2024-11-28,589.6500244140625,590.2000122070312,571.0,574.0999755859375,-0.024469030440208206,0.01579103579383178
2024-11-29,579.2000122070312,596.4000244140625,570.25,589.5499877929688,0.026911710266600553,0.016397190073586202
2024-12-02,589.0,605.0,585.0999755859375,602.4500122070312,0.021881137615412216,0.016020493317635935
2024-12-03,608.0,613.2999877929688,605.0,609.9000244140625,0.01236619147825846,0.016036727537008306
2024-12-04,612.7999877929688,631.0499877929688,604.2000122070312,608.5,-0.0022954982095754195,0.016056411685130927
2024-12-05,612.4000244140625,633.0,611.25,615.6500244140625,0.011750245544885018,0.014418433253002795
2024-12-06,620.75,620.75,605.5999755859375,611.4000244140625,-0.006903272689779971,0.014538545724834739
2024-12-09,614.7000122070312,624.4000244140625,607.5,622.8499755859375,0.018727430020710534,0.013855679467725169
2024-12-10,630.9000244140625,634.6500244140625,612.9500122070312,614.9000244140625,-0.012763829948610361,0.01427400094982845
2024-12-11,616.7999877929688,620.7000122070312,607.4500122070312,611.5,-0.005529393851142483,0.014044893991551555
2024-12-12,614.1500244140625,614.1500244140625,598.75,599.8499755859375,-0.01905155259863045,0.014472061283044745
2024-12-13,596.0,596.9500122070312,588.2000122070312,592.25,-0.012669793940582874,0.014535540656579181
2024-12-16,592.25,598.0,585.7000122070312,593.8499755859375,0.0027015206178766515,0.014366519556557851
2024-12-17,589.0,601.2000122070312,586.25,596.1500244140625,0.003873114292638702,0.014259073443562564
2024-12-18,594.8499755859375,608.75,578.9000244140625,582.6500244140625,-0.022645306461689274,0.014914454510275305
2024-12-19,576.0,596.5,575.0,595.25,0.021625289724493735,0.015129478023692362
2024-12-20,590.0499877929688,601.8499755859375,588.0,592.9000244140625,-0.003947880026774486,0.01516255201923127
2024-12-23,596.0,599.0,588.8499755859375,590.2000122070312,-0.0045539080719376734,0.015158174605313634
2024-12-24,590.25,602.0,585.0,598.9000244140625,0.014740786220077906,0.015269486691943149
2024-12-26,601.7000122070312,602.8499755859375,587.0,588.5499877929688,-0.01728174352842904,0.015443270679884583
2024-12-27,586.5,598.5,585.0,595.75,0.012233476096110252,0.015236026674687838
2024-12-30,595.0,605.8499755859375,589.75,602.5499877929688,0.0114141633117395,0.015309105840499009
2024-12-31,589.0,608.7000122070312,589.0,598.0,-0.007551220454977581,0.01535226810318386
2025-01-01,601.0,619.6500244140625,600.0,603.3499755859375,0.008946447468122898,0.015348069326773078
2025-01-02,606.5,616.0,606.0,613.9000244140625,0.017485786450690544,0.015365700490239578
2025-01-03,613.9000244140625,638.9000244140625,613.8499755859375,627.7000122070312,0.022479210366769697,0.014985851220088968
2025-01-06,634.0,649.9500122070312,625.0,630.5,0.004460710113934452,0.014655481402094543
2025-01-07,637.0,654.2999877929688,629.0999755859375,649.3499755859375,0.029896868494746265,0.015514552175962362
2025-01-08,652.7999877929688,669.0,649.5,660.9000244140625,0.01778709365115927,0.015749465466577035
2025-01-09,656.8499755859375,668.0,640.75,653.75,-0.010818617264239827,0.01547972022443709
2025-01-10,651.0,661.0,634.5,649.7000122070312,-0.006195010008365198,0.01467462747502472
2025-01-13,657.0,674.2999877929688,611.1500244140625,617.8499755859375,-0.049022681272390844,0.01699397935764523
2025-01-14,629.2999877929688,632.4000244140625,614.6500244140625,619.1500244140625,0.002104149679527101,0.01656241731331106
2025-01-15,619.1500244140625,622.2000122070312,606.0999755859375,618.0999755859375,-0.0016959521710731007,0.01642943144074155
2025-01-16,623.7999877929688,628.4500122070312,610.9000244140625,612.75,-0.00865551819649546,0.01650861442011817
2025-01-17,610.0499877929688,615.25,604.1500244140625,609.25,-0.005711954304365552,0.016400826828710083
2025-01-20,638.7000122070312,648.0,614.2000122070312,623.0999755859375,0.022732828208350542,0.016870052174923676
2025-01-21,627.2999877929688,631.9000244140625,619.0,621.9000244140625,-0.0019257763102086267,0.01652997335306108
2025-01-22,621.9000244140625,624.25,607.0,613.4500122070312,-0.013587412566823165,0.016552711526492576
2025-01-23,613.0,621.0499877929688,605.0499877929688,618.4000244140625,0.008069137025888073,0.016580694604041518
2025-01-24,622.2999877929688,623.0,602.2999877929688,606.0499877929688,-0.019970951056794473,0.016618899197463764
2025-01-27,606.0499877929688,606.25,580.3499755859375,591.9500122070312,-0.023265367329326936,0.017015784718607513
2025-01-28,585.25,608.9000244140625,562.2999877929688,595.5999755859375,0.006165999330412619,0.017045610940925594
2025-01-29,590.4500122070312,610.0,585.9500122070312,608.1500244140625,0.021071271562391525,0.017456282515228485
2025-01-30,610.6500244140625,611.9500122070312,597.2000122070312,601.1500244140625,-0.011510317716001639,0.01705404773234341
2025-01-31,595.0,610.0,595.0,609.2000122070312,0.013390979732247343,0.016777734709781927
2025-02-01,609.2000122070312,621.5499877929688,600.5999755859375,617.1500244140625,0.013049921286491184,0.01689464757169824
2025-02-03,637.7000122070312,637.7000122070312,611.0499877929688,617.0499877929688,-0.00016209449426618505,0.016859586760449744
2025-02-04,607.0,643.5499877929688,604.0,639.9500122070312,0.03711210577277546,0.01792115455244607
2025-02-05,647.9500122070312,653.0,628.6500244140625,649.0999755859375,0.014297934532965018,0.017652607865986727
2025-02-06,651.3499755859375,662.4000244140625,643.7999877929688,654.0999755859375,0.007702973637437882,0.01759389814328858
2025-02-07,640.0,651.5,633.5,642.25,-0.018116459300158816,0.01794511415714571
2025-02-10,640.0,641.0,608.0,612.5499877929688,-0.04624369358821523,0.0199544327104992
2025-02-11,612.5499877929688,617.2000122070312,600.0,604.0499877929688,-0.013876418528103618,0.020075551987409925
2025-02-12,606.9000244140625,611.9500122070312,591.5999755859375,606.5999755859375,0.0042214847189812055,0.019827047387561768
2025-02-13,608.6500244140625,611.75,590.0,591.5999755859375,-0.024727993082279576,0.019837752157008975
2025-02-14,592.0,596.5999755859375,573.5,581.3499755859375,-0.017325896590594136,0.01999950811084772
2025-02-17,579.0,579.2999877929688,545.6500244140625,561.25,-0.034574656282868044,0.019860898547620395
2025-02-18,567.9500122070312,568.4500122070312,538.6500244140625,545.0999755859375,-0.028775099178730557,0.01986590498276532
2025-02-19,541.2999877929688,547.7999877929688,533.6500244140625,537.25,-0.014400983191201644,0.0199053015898417
2025-02-20,533.5,552.4500122070312,529.9000244140625,542.0,0.008841321544904579,0.02009713444900032
2025-02-21,542.75,553.0,533.4000244140625,535.4500122070312,-0.012084848326510578,0.01842104477271608
2025-02-24,528.9500122070312,531.6500244140625,508.54998779296875,524.0999755859375,-0.021197191824332773,0.018619016584229632
2025-02-25,524.0999755859375,529.9000244140625,513.0,515.5999755859375,-0.016218279709891426,0.018708721218697898
2025-02-27,515.5999755859375,537.4000244140625,514.0,531.5999755859375,0.03103180907217329,0.019870987556049862
2025-02-28,531.5999755859375,531.5999755859375,509.8999938964844,521.0499877929688,-0.019845726631835148,0.020066494086493636
2025-03-03,496.3500061035156,526.5499877929688,474.04998779296875,518.5999755859375,-0.004702067487629802,0.019371975146258363
2025-03-04,513.4500122070312,520.5499877929688,501.8500061035156,513.0,-0.01079825655527733,0.019376643063908818
2025-03-05,513.0499877929688,516.9500122070312,501.54998779296875,508.45001220703125,-0.008869371916118474,0.019333835934831855
2025-03-06,509.5,530.2999877929688,509.5,525.9500122070312,0.03441832939296763,0.020557473944711996
2025-03-07,530.0499877929688,530.0499877929688,511.0,512.5,-0.025572795693247108,0.020721257232738755
2025-03-10,508.04998779296875,524.5499877929688,508.04998779296875,513.6500244140625,0.0022439500762194697,0.02048342427600749
2025-03-11,513.4500122070312,533.0,507.75,526.9500122070312,0.02589309288584274,0.0211441287273481
2025-03-12,526.9500122070312,553.7000122070312,519.0499877929688,549.7000122070312,0.04317297556312005,0.02239095665431776
2025-03-13,553.0,579.0,533.25,570.5499877929688,0.037929734624209566,0.023542025915523426
2025-03-17,571.25,601.4000244140625,560.5499877929688,595.5999755859375,0.04390498348771921,0.024830292605270008
2025-03-18,595.5999755859375,595.5999755859375,595.5999755859375,595.5999755859375,0.0,0.024699496352495128
2025-03-19,583.25,597.5499877929688,575.2000122070312,590.5,-0.008562753181647231,0.02473854006392205
2025-03-20,590.0,597.0,577.3499755859375,591.5499877929688,0.001778133434324758,0.023671144791592585
2025-03-21,589.9000244140625,618.0,585.5,614.1500244140625,0.038204779118351295,0.024633719828279943
2025-03-24,611.0499877929688,646.4000244140625,606.7000122070312,642.25,0.04575425298199187,0.026064720529385372
2025-03-25,650.0,658.2999877929688,625.5,638.2000122070312,-0.006305936618090646,0.0258745780780367
2025-03-26,635.2000122070312,639.25,610.0,612.9000244140625,-0.03964272533539448,0.02549203804007156
2025-03-27,605.0,638.0,602.2000122070312,622.5,0.015663199875241007,0.025494858995140517
2025-03-28,622.5,642.0999755859375,609.0,639.5999755859375,0.027469840298694814,0.02593576525800807
2025-04-01,642.7999877929688,667.8499755859375,614.0999755859375,618.2000122070312,-0.033458355528081074,0.02629356477753263
2025-04-02,626.0,626.0,606.0499877929688,609.6500244140625,-0.013830455555063015,0.026213516856668232
2025-04-03,600.0,624.0999755859375,598.5,605.25,-0.007217295559516113,0.025362360784805516
2025-04-04,603.0,609.6500244140625,580.0999755859375,593.9500122070312,-0.01866995091775092,0.02499258083819367
2025-04-07,528.0499877929688,575.3499755859375,528.0499877929688,568.9000244140625,-0.04217524585930499,0.02615317357765016
2025-04-08,572.9500122070312,588.0,571.2000122070312,584.25,0.02698185081244664,0.026518264912305235
2025-04-09,578.0,599.0,572.25,594.1500244140625,0.016944842813970906,0.026484382132693194
2025-04-11,604.75,621.5,595.25,616.75,0.03803748995588285,0.026762271060016243
2025-04-15,619.7999877929688,632.4500122070312,612.9500122070312,630.5499877929688,0.022375334889288556,0.026595161314541253
2025-04-16,630.0,650.0,621.25,645.4500122070312,0.023630203318558696,0.02639882961656864
2025-04-17,649.0,657.5,640.5,654.5499877929688,0.014098652744340745,0.025939727417641008
2025-04-21,655.0,665.9500122070312,643.5,660.75,0.009472175269511052,0.025830063951416144
2025-04-22,658.0,697.9500122070312,658.0,683.5999755859375,0.0345818775420923,0.025993508635736236
2025-04-23,692.0,700.0,686.2000122070312,691.2999877929688,0.011263915275057323,0.025749852815527004
2025-04-24,689.0,691.2000122070312,663.0,667.0999755859375,-0.03500652775113122,0.026640876434728532
2025-04-25,670.2000122070312,680.9500122070312,662.0499877929688,674.5499877929688,0.011167759675733135,0.02586324418407302
2025-04-28,679.5,708.0,659.25,671.25,-0.004892132314412767,0.02596511802638128
2025-04-29,671.5999755859375,682.7000122070312,663.5,676.2999877929688,0.007523259281890127,0.02577587530765768
2025-04-30,673.0,676.9500122070312,653.0,656.8499755859375,-0.028759444858936445,0.025801603231498448
2025-05-02,656.9500122070312,665.4000244140625,646.9000244140625,662.4500122070312,0.008525594624706034,0.025106809390768033
2025-05-05,662.2000122070312,672.7000122070312,646.25,661.7000122070312,-0.00113216089694268,0.024042485766234516
2025-05-06,663.0999755859375,666.4000244140625,654.2999877929688,662.5999755859375,0.00136007762173751,0.024036366411983524
2025-05-07,656.5999755859375,656.5999755859375,632.5,643.75,-0.028448500272382993,0.024656377614146015
2025-05-08,650.0,654.7000122070312,628.0,634.5,-0.014368932038834936,0.024863327833136
2025-05-09,611.0,637.0,610.0,635.1500244140625,0.0010244671616430612,0.023938796983758854
2025-05-12,650.0,659.0,640.0999755859375,651.5499877929688,0.025820613632244527,0.022920170278888766
2025-05-13,668.9500122070312,668.9500122070312,651.5499877929688,659.0499877929688,0.011511012417336097,0.022962246203933463
2025-05-14,659.0499877929688,660.5,635.0,640.0499877929688,-0.028829376150399932,0.022374276816872565
2025-05-15,641.9000244140625,648.25,632.0499877929688,643.75,0.005780817557375029,0.02223374637931105
2025-05-16,649.9000244140625,650.0,637.0,640.2999877929688,-0.005359242263349495,0.021705953157803604
2025-05-19,637.7000122070312,647.4500122070312,608.8499755859375,645.0999755859375,0.007496467100543969,0.020779977777853623
2025-05-20,646.2000122070312,651.5999755859375,635.2000122070312,639.0,-0.009455860822808027,0.020682866017425257
2025-05-21,643.7000122070312,666.5,635.25,662.75,0.03716744913928016,0.02158515674120171
2025-05-22,662.75,674.0499877929688,656.0999755859375,668.5499877929688,0.008751396141786216,0.021201873023062867
2025-05-23,671.4500122070312,685.0,665.75,672.9000244140625,0.006506673697585619,0.01931113957882356
2025-05-26,675.9500122070312,683.3499755859375,665.5,670.8499755859375,-0.0030465875371458173,0.018949803671798063
2025-05-27,668.6500244140625,668.6500244140625,650.0499877929688,654.2000122070312,-0.02481920546298555,0.019550725713791652
2025-05-28,655.0,663.0999755859375,644.2000122070312,651.8499755859375,-0.0035922295586109376,0.018454043654514873
2025-05-29,652.0,662.0,645.25,649.1500244140625,-0.004141982469889727,0.018076222932431427
2025-05-30,649.7999877929688,688.5499877929688,645.5,684.25,0.054070668205888905,0.020121574133502504
2025-06-02,686.0,690.9500122070312,655.5499877929688,664.0999755859375,-0.029448336739587133,0.02078897433087637
2025-06-03,667.0,684.9000244140625,665.0499877929688,675.2999877929688,0.016864948981739403,0.020939923160456324
2025-06-04,675.5999755859375,684.0,666.4500122070312,668.5,-0.010069580802441025,0.020033298981987996
2025-06-05,668.5999755859375,672.7999877929688,652.0,654.2000122070312,-0.021391156010424406,0.020255116758071987
2025-06-06,657.9000244140625,665.75,652.0,660.4000244140625,0.009477242573130873,0.01933560330540746
2025-06-09,660.4000244140625,672.9500122070312,653.0,654.9500122070312,-0.008252592376668644,0.019268361311400323
2025-06-10,651.9500122070312,653.7000122070312,634.9500122070312,650.6500244140625,-0.006565367910260522,0.01928301839281934
2025-06-11,650.6500244140625,673.7000122070312,648.0,671.3499755859375,0.031814263267746945,0.020138202632567315
2025-06-12,671.3499755859375,679.7999877929688,656.9500122070312,661.2999877929688,-0.014969819257381167,0.01961078822121048
2025-06-13,645.0999755859375,684.8499755859375,645.0999755859375,679.9500122070312,0.028202063750681905,0.02021143679725435
2025-06-16,680.7000122070312,684.7000122070312,665.0999755859375,679.5499877929688,-0.0005883144450046229,0.02020964173819173
2025-06-17,683.0,683.0499877929688,656.5,659.0,-0.030240582977141495,0.021002697401650148
2025-06-18,660.0,669.0,655.0999755859375,665.0999755859375,0.009256412118266333,0.0203580007329093
2025-06-19,668.5999755859375,668.7999877929688,643.5,648.7000122070312,-0.024657892017599714,0.020714391860679953
2025-06-20,648.7000122070312,648.7000122070312,628.4500122070312,632.5499877929688,-0.024895982904511227,0.021244708212360738
2025-06-23,624.0,638.0,616.3499755859375,623.7999877929688,-0.013832898852041198,0.020817231415998876
2025-06-24,625.0499877929688,640.0,623.0,626.8499755859375,0.00488936815109553,0.020712190699723885
2025-06-25,630.0,655.4000244140625,630.0,652.25,0.040520101145924414,0.021410721837804958
2025-06-26,657.0,678.9000244140625,652.4000244140625,676.75,0.0375622844001533,0.022425373927186455
2025-06-27,678.9000244140625,678.9000244140625,661.25,663.4000244140625,-0.01972659857545256,0.022737177544350593
2025-06-30,669.9000244140625,677.4000244140625,667.0499877929688,673.5999755859375,0.015375264993220172,0.02285486854406457
2025-07-01,673.0,689.9000244140625,660.9000244140625,686.25,0.018779728136211427,0.022961091712209142
2025-07-02,690.0,692.5999755859375,669.0,671.9500122070312,-0.02083786927937159,0.02238786128905265
2025-07-03,675.0,678.7999877929688,665.25,673.75,0.0026787525266300793,0.022339953573022386
2025-07-04,673.75,700.0,673.75,686.0499877929688,0.018256011566558428,0.022550929756142618
2025-07-07,686.0,698.0,671.0,694.9500122070312,0.012972851209711367,0.022643995141466165
2025-07-08,698.0,707.0,687.4500122070312,701.2999877929688,0.009137312719473378,0.02212985844898636
2025-07-09,705.0,713.5,696.0,708.3499755859375,0.010052741930247855,0.02213938098181085
2025-07-10,711.8499755859375,715.7000122070312,703.0499877929688,713.9000244140625,0.007835178964372913,0.022113945064567105
2025-07-11,714.0,721.7000122070312,705.4500122070312,709.8499755859375,-0.00567313165656369,0.01998160047310731
2025-07-14,713.0,718.0,698.25,710.2999877929688,0.0006339539656388116,0.019115273568331717
2025-07-15,710.2999877929688,719.0,710.2999877929688,715.2000122070312,0.006898528084292588,0.018941389590796297
2025-07-16,717.0999755859375,747.5,715.2000122070312,742.9500122070312,0.038800334908225764,0.019935144732561135
2025-07-17,742.5,744.5999755859375,729.0,741.6500244140625,-0.0017497648181026282,0.01939738354891651
2025-07-18,740.0,768.9000244140625,740.0,761.25,0.026427526381358035,0.019794035460727215
2025-07-21,761.2000122070312,762.5999755859375,740.5,747.0999755859375,-0.018587881003694573,0.02011878502977732
2025-07-22,747.0,759.5,735.7999877929688,751.1500244140625,0.005421026583421584,0.020008279210615383
2025-07-23,750.0999755859375,772.0999755859375,750.0999755859375,763.8499755859375,0.016907343086065563,0.019497774647425442
2025-07-24,765.0,798.4000244140625,764.0,789.3499755859375,0.0333835187733551,0.01982899174194314
2025-07-25,786.0499877929688,786.5,757.0999755859375,761.9500122070312,-0.034712059576067156,0.020718555897522598
2025-07-28,762.0,784.9500122070312,760.0,771.0499877929688,0.011943008649056841,0.02074896272348465
2025-07-29,771.0499877929688,773.75,742.2000122070312,749.8499755859375,-0.027494990652569218,0.020596270054970413
2025-07-30,750.0,771.4500122070312,748.3499755859375,750.4500122070312,0.0008002088959526699,0.020587058380960976
2025-07-31,740.0,761.9000244140625,731.0,751.2000122070312,0.0009994003435276344,0.01986559418660387
2025-08-01,755.2000122070312,763.0999755859375,748.3499755859375,756.4500122070312,0.006988817777805245,0.0190417300125257
2025-08-04,756.0,766.4000244140625,730.9000244140625,747.1500244140625,-0.012294252948499507,0.018988033520042878
2025-08-05,747.5,755.6500244140625,733.2000122070312,740.6500244140625,-0.008699725339763598,0.019181631708157832
2025-08-06,741.0,765.0,741.0,753.9000244140625,0.017889690897508803,0.018186394226855883
2025-08-07,746.0,751.3499755859375,732.4500122070312,743.0499877929688,-0.014391877264530506,0.017436839308531696
2025-08-08,735.0999755859375,740.2999877929688,707.6500244140625,711.2999877929688,-0.04272929213592325,0.01892505920756486
2025-08-11,700.0,730.4500122070312,692.6500244140625,726.5,0.021369341301683553,0.019096538715900342
2025-08-12,728.2999877929688,744.5999755859375,718.0,735.8499755859375,0.012869890689521712,0.0189549033751039
2025-08-13,739.25,740.0,726.2999877929688,731.2000122070312,-0.0063191731102574256,0.01851873812580772
2025-08-14,737.5999755859375,749.7000122070312,724.5,745.0499877929688,0.018941432377897804,0.018746030103348486
2025-08-18,752.4000244140625,766.3499755859375,744.4000244140625,761.75,0.02241461979819781,0.018873626314212806
2025-08-19,761.75,771.4000244140625,752.1500244140625,769.1500244140625,0.009714505302346632,0.01882755156129768
2025-08-20,770.9500122070312,773.0,753.4000244140625,758.5,-0.013846485179761503,0.01905894543262384
2025-08-21,762.5,763.1500244140625,740.0999755859375,746.1500244140625,-0.01628210360703697,0.01931776131033685
2025-08-22,745.0,753.5499877929688,735.0,736.7999877929688,-0.012531041097849083,0.01945988353703366
2025-08-25,739.2999877929688,759.9000244140625,730.2000122070312,756.5999755859375,0.02687294804697027,0.019962127109844033
2025-08-26,756.5999755859375,759.7000122070312,737.5,745.7999877929688,-0.01427436973495122,0.020189847240122256
2025-08-28,745.7999877929688,747.4500122070312,734.0,737.4000244140625,-0.011263024291223278,0.020304410682121004
2025-08-29,737.5,740.9000244140625,721.2999877929688,723.9000244140625,-0.018307566521613694,0.01931232777140521
2025-09-01,721.5,740.0999755859375,716.1500244140625,727.5,0.004973028684245984,0.019338529356587218
2025-09-02,727.9500122070312,742.0,726.0499877929688,736.9500122070312,0.012989707501073866,0.01884355143971535
2025-09-03,736.9500122070312,748.5999755859375,728.2000122070312,737.5999755859375,0.0008819639977475369,0.01854659869735948
2025-09-04,747.0,756.2000122070312,732.2000122070312,738.0999755859375,0.0006778742089881273,0.018516696645119547
2025-09-05,742.0,748.25,734.0499877929688,742.9500122070312,0.006570975181571459,0.018277834993351172
2025-09-08,744.75,744.75,732.4500122070312,736.0,-0.009354616182568387,0.017155792870810538
2025-09-09,741.7999877929688,750.4000244140625,736.0499877929688,748.1500244140625,0.016508185345193604,0.01633641194720103
2025-09-10,752.0,762.0499877929688,747.25,755.6500244140625,0.010024727334432493,0.01628980004610744
2025-09-11,755.0,772.0,746.25,762.4000244140625,0.008932706652440059,0.01555251817551591
2025-09-12,769.0,769.5999755859375,756.0,758.7999877929688,-0.004721978627769019,0.015583582845884928
2025-09-15,759.0,760.0,743.75,754.9500122070312,-0.005073768645062149,0.015616107310969057
2025-09-16,757.75,761.0,749.5999755859375,757.0,0.0027153954034331296,0.015572270842909916
2025-09-17,757.9000244140625,766.0,739.25,742.9500122070312,-0.01856008955478039,0.015785382893516397
2025-09-18,747.7999877929688,748.2000122070312,727.9000244140625,740.2999877929688,-0.003566894636949036,0.015716252902164475
2025-09-19,741.0,747.6500244140625,737.5999755859375,744.5999755859375,0.005808439637812413,0.015396334044519965
2025-09-22,744.5999755859375,751.5,734.0,739.1500244140625,-0.007319300766275627,0.015226301729917553
2025-09-23,739.2000122070312,740.0999755859375,730.5,736.4000244140625,-0.0037204896288544065,0.01295295708840974
2025-09-24,736.0999755859375,736.4000244140625,725.0,726.4500122070312,-0.013511694564307342,0.012645409326955672
2025-09-25,726.5,738.5999755859375,723.5,732.5999755859375,0.008465776413468573,0.012516654388652846
2025-09-26,728.0,731.4500122070312,725.0,726.7000122070312,-0.008053458334048469,0.01255046184984247
2025-09-29,727.0,732.5999755859375,700.0,701.0,-0.03536536641712551,0.013579183046242735
2025-09-30,704.7000122070312,709.5999755859375,697.2999877929688,700.1500244140625,-0.0012125186675285837,0.0127795683181406
2025-10-01,700.1500244140625,701.0,682.3499755859375,687.9000244140625,-0.01749625019330925,0.012831573213408082
2025-10-03,687.9000244140625,694.0,676.7999877929688,690.3499755859375,0.003561493073011235,0.012747183945327117
2025-10-06,715.0,731.8499755859375,695.5999755859375,722.2000122070312,0.04613607264063546,0.015343301602575934
2025-10-07,722.25,726.7000122070312,704.25,706.4500122070312,-0.02180836296563915,0.015674194682282067
2025-10-08,710.2000122070312,711.7000122070312,701.6500244140625,705.6500244140625,-0.001132405377798018,0.0147459545352758
2025-10-09,707.0,711.9000244140625,688.4000244140625,690.2999877929688,-0.0217530448381118,0.01501754340203145
2025-10-10,693.7999877929688,703.5499877929688,688.0,700.5999755859375,0.014921031399551365,0.015247758217037888
2025-10-13,693.5999755859375,716.25,692.25,713.7999877929688,0.018841011514440398,0.015351628444107018
2025-10-14,717.2000122070312,720.5,705.0499877929688,715.7000122070312,0.0026618442792878394,0.015329753629250207
2025-10-15,715.9000244140625,730.0,709.2000122070312,727.4500122070312,0.016417493083123125,0.015445576288659802
2025-10-16,731.0,738.0,728.0,733.7999877929688,0.008729088568810495,0.015532789102978922
2025-10-17,733.7999877929688,737.9000244140625,717.9500122070312,719.9000244140625,-0.01894244155101832,0.015909320891115526
2025-10-20,725.5999755859375,731.4500122070312,714.5999755859375,719.9000244140625,0.0,0.0158507491085001
2025-10-21,727.0,729.2000122070312,721.0499877929688,727.2000122070312,0.010140279963054999,0.0158929717682776
2025-10-23,728.9000244140625,728.9000244140625,712.5999755859375,720.2000122070312,-0.00962596243467484,0.015655550719921835
2025-10-24,724.0,726.5,714.1500244140625,719.9000244140625,-0.00041653400150531983,0.015513970558576317
2025-10-27,719.9000244140625,726.7999877929688,714.5999755859375,718.0,-0.0026392892757698405,0.015389031841638517
2025-10-28,721.0,733.0499877929688,715.0,721.6500244140625,0.005083599462482491,0.015430753360136206
2025-10-29,725.1500244140625,742.7999877929688,720.75,735.3499755859375,0.018984203850056725,0.015860846428316373
2025-10-30,739.0,739.2000122070312,720.2999877929688,728.3499755859375,-0.009519276851029046,0.015925689000493463
2025-10-31,728.3499755859375,733.7999877929688,719.4500122070312,721.0499877929688,-0.01002263751995891,0.015678456685289957
2025-11-03,724.5,733.0499877929688,718.75,726.75,0.007905155403272524,0.015750363736128672
2025-11-04,729.0,731.0,715.0,716.8499755859375,-0.013622324615153114,0.01588114200625469
2025-11-06,719.7999877929688,721.9500122070312,702.5999755859375,720.2999877929688,0.004812739519466813,0.015872929743484848
2025-11-07,722.0,733.4500122070312,708.0,728.0999755859375,0.010828804560816696,0.016000460894894316
2025-11-10,725.0,726.0,692.75,700.9500122070312,-0.037288784904926486,0.01722204979808087
2025-11-11,704.9000244140625,704.9000244140625,664.0499877929688,670.2999877929688,-0.043726405421631975,0.018792522992209446
2025-11-12,673.7000122070312,689.75,669.0,687.3499755859375,0.025436354025766272,0.01945199921005007
2025-11-13,687.4500122070312,688.0499877929688,675.0499877929688,678.1500244140625,-0.01338466792558246,0.018531238150752374
2025-11-14,675.0,675.2999877929688,662.0,665.0,-0.019391025496790948,0.01883524792715744
2025-11-17,661.2999877929688,679.7999877929688,660.0,676.0499877929688,0.016616522996945493,0.018868646782992812
2025-11-18,679.5999755859375,682.6500244140625,661.0999755859375,668.2000122070312,-0.011611531288632237,0.018961740379873453
2025-11-19,672.25,672.25,653.6500244140625,663.75,-0.0066597008765879595,0.016767626051269316
2025-11-20,661.0499877929688,674.5999755859375,659.6500244140625,673.0499877929688,0.014011281044020718,0.016632771382669137
2025-11-21,672.0,672.9500122070312,663.2000122070312,670.0999755859375,-0.004383050680536793,0.016641027050554983
2025-11-24,670.0,682.0499877929688,657.75,678.4500122070312,0.012460881846462435,0.016381670241902933
2025-11-25,677.9500122070312,679.25,661.7999877929688,675.1500244140625,-0.004864010219756243,0.016138126806835486
2025-11-26,675.0499877929688,686.0,669.1500244140625,684.1500244140625,0.01333037054662145,0.0159333228382895
2025-11-27,684.0,688.9500122070312,678.2999877929688,683.4500122070312,-0.0010231852401536567,0.015916007064452297
2025-11-28,687.0,688.0,678.6500244140625,685.0999755859375,0.0024141683362886024,0.015576803781120543
2025-12-01,690.25,705.7999877929688,685.4500122070312,690.0499877929688,0.007225240670601041,0.015543873610443865
2025-12-02,688.0,708.0,682.0,700.5499877929688,0.015216288943910916,0.015505683904508821
2025-12-03,700.0,708.7000122070312,690.25,706.8499755859375,0.008992916854964728,0.015608081316293416
2025-12-04,704.75,712.0,695.5499877929688,706.5499877929688,-0.00042440093843121307,0.015478596027428597
2025-12-05,705.0,710.0,696.5499877929688,704.0,-0.003609069191175096,0.015399644817498044
2025-12-08,711.0,711.0,670.0,676.6500244140625,-0.03884939713911573,0.016905234933102926
2025-12-09,672.0,680.9500122070312,663.8499755859375,677.2000122070312,0.0008128098324462485,0.016911941080859676
2025-12-10,679.75,688.0,661.0,663.2000122070312,-0.020673360525161888,0.017201321594407147
2025-12-11,667.4000244140625,667.4500122070312,652.1500244140625,658.2000122070312,-0.007539203721303789,0.016725162944917413
2025-12-12,660.0,667.9000244140625,655.0,662.5499877929688,0.0066088962401436024,0.016785802847298775
2025-12-15,660.2999877929688,671.9000244140625,648.7999877929688,670.0999755859375,0.011395348173076858,0.01693223955835108
2025-12-16,673.0499877929688,673.3499755859375,655.0,656.25,-0.020668521251365535,0.017140793456503066
2025-12-17,655.0,660.0999755859375,644.3499755859375,645.25,-0.016761904761904756,0.017215713924266764
2025-12-18,643.0,645.2000122070312,633.0,634.25,-0.017047655947307283,0.01732033342670138
2025-12-19,634.0,645.9500122070312,632.75,639.2999877929688,0.007962140785130023,0.017242951098090577
2025-12-22,648.5,663.0,640.0,642.3499755859375,0.0047708241063761925,0.016132301746836483
2025-12-23,642.0999755859375,644.4000244140625,637.7000122070312,640.7999877929688,-0.0024129957996104068,0.014158968359823228
2025-12-24,641.0,642.6500244140625,627.0,629.8499755859375,-0.017088034356469106,0.013492426379624726
2025-12-26,629.5999755859375,634.2000122070312,624.2000122070312,626.25,-0.0057156080423572675,0.01335731762939194
2025-12-29,629.0,631.1500244140625,611.7999877929688,614.0,-0.019560878243512936,0.013364730198212504
2025-12-30,614.0,615.4500122070312,599.8499755859375,601.8499755859375,-0.01978831337795195,0.013214537556533195
2025-12-31,600.0,616.0,600.0,608.5999755859375,0.011215419579320374,0.013404037009224223
2026-01-01,610.5,622.0,606.0999755859375,616.0999755859375,0.012323365594583358,0.013671773446275145
2026-01-02,619.25,637.9000244140625,616.7999877929688,632.25,0.026213317730946484,0.014341601365065477
2026-01-05,630.9500122070312,660.0999755859375,630.3499755859375,653.5999755859375,0.033768249246243665,0.01574427271835567
2026-01-06,652.4500122070312,667.1500244140625,625.0,629.0499877929688,-0.037561182236826474,0.016907107083848755
2026-01-07,625.7999877929688,630.0,622.5,625.3499755859375,-0.005881904902363622,0.016913288496447215
2026-01-08,628.4000244140625,628.4000244140625,606.1500244140625,609.1500244140625,-0.02590541585405204,0.017169071782916382
2026-01-09,610.0,626.7999877929688,604.25,620.1500244140625,0.01805794887816159,0.017619927547663658
2026-01-12,620.0499877929688,622.4500122070312,608.0,613.7999877929688,-0.0102395168444821,0.017635226891983838
2026-01-13,619.0,623.9000244140625,615.0,622.8499755859375,0.014744196762710438,0.01784517083591517
2026-01-14,622.0,631.0,616.1500244140625,623.5999755859375,0.0012041422965369808,0.017525556093160827
2026-01-15,623.5999755859375,623.5999755859375,623.5999755859375,623.5999755859375,0.0,0.0173768555180602
2026-01-16,626.4000244140625,627.7999877929688,611.5499877929688,614.25,-0.014993547068619106,0.01747615512866274
2026-01-19,611.0,613.0,605.3499755859375,611.0499877929688,-0.005209625082671976,0.01747576144357186
2026-01-20,611.9000244140625,618.7999877929688,609.0,617.0,0.009737357541764968,0.016407203617290624
2026-01-21,610.0,613.9000244140625,602.0,609.6500244140625,-0.01191244017169768,0.016471174827427788
2026-01-22,610.0999755859375,613.5999755859375,594.5999755859375,597.6500244140625,-0.019683424127692417,0.01643625927454284
2026-01-23,603.2999877929688,603.2999877929688,580.0,582.0999755859375,-0.026018653380580514,0.016937977713181656
2026-01-27,577.9500122070312,618.5,575.7999877929688,615.0,0.05651954267983883,0.020156136641366257
2026-01-28,612.7999877929688,613.75,601.0499877929688,609.6500244140625,-0.008699147294207288,0.02001927657722502
2026-01-29,609.0,610.5,598.0,607.1500244140625,-0.0041007133599358925,0.019740336874236538
2026-01-30,604.0999755859375,608.4500122070312,598.0999755859375,603.75,-0.005599974104166017,0.019564761276146838
2026-02-02,593.0,603.0,578.5999755859375,593.0,-0.017805383022774346,0.01958529540193883
2026-02-03,599.9000244140625,625.0,598.0999755859375,616.9500122070312,0.0403878789325991,0.02100078774516918
2026-02-04,614.0,614.0,602.5,609.7000122070312,-0.011751357251885586,0.021061480213121306
2026-02-05,610.6500244140625,610.6500244140625,598.6500244140625,606.4500122070312,-0.005330490298393498,0.021072453587808532
2026-02-06,606.4500122070312,607.25,591.2999877929688,595.1500244140625,-0.01863300777560395,0.021113401404078025
2026-02-09,594.0,651.5,589.5499877929688,646.6500244140625,0.08653280330569224,0.0265277585743292
2026-02-10,655.0,675.7999877929688,645.1500244140625,649.8499755859375,0.004948505452813556,0.026235734577177316
2026-02-11,654.7999877929688,689.0,650.5499877929688,683.75,0.05216592396344488,0.02741698613243704
2026-02-12,687.1500244140625,706.8499755859375,680.4500122070312,697.7999877929688,0.020548428216407677,0.027547088931999728
2026-02-13,685.0,709.5499877929688,670.1500244140625,687.2000122070312,-0.01519056430405441,0.027749635950305454
2026-02-16,679.9500122070312,693.9000244140625,675.7000122070312,684.4000244140625,-0.004074487402839555,0.027463482925725743
2026-02-17,680.0,713.7999877929688,680.0,709.9500122070312,0.03733195044059645,0.027608477289599948
2026-02-18,712.2000122070312,716.2000122070312,697.0,700.4500122070312,-0.013381223799781683,0.026718503797686376
2026-02-19,701.4000244140625,713.4000244140625,697.3499755859375,700.7000122070312,0.00035691340658594584,0.026663759426405264
2026-02-20,699.5,704.5,685.0,692.5,-0.011702600348476144,0.026234648063033633
2026-02-23,692.75,722.5,691.0499877929688,717.4500122070312,0.03602889849390789,0.026752434112738244
2026-02-24,715.0,740.0,709.6500244140625,735.8499755859375,0.02564633502800273,0.026840143057627382
2026-02-25,732.7000122070312,739.5499877929688,721.2000122070312,726.5999755859375,-0.01257049712155589,0.02701015780199471
2026-02-26,727.4000244140625,757.5,722.1500244140625,743.2999877929688,0.022983777550452222,0.027183087538788186
2026-02-27,741.0,755.9500122070312,726.5,745.0499877929688,0.0023543657052869094,0.027167912081162895
2026-03-02,712.3499755859375,730.7999877929688,712.3499755859375,718.1500244140625,-0.03610491083771561,0.027999083645929828
2026-03-04,715.0,715.0,698.7000122070312,706.2999877929688,-0.01650078147774514,0.028224279567034005
2026-03-05,706.9000244140625,713.5999755859375,694.0,704.5,-0.0025484749031262632,0.028245539312042895
2026-03-06,701.0499877929688,735.0,690.0,720.5999755859375,0.02285305264150117,0.028249117336061527
2026-03-09,714.0,714.0,679.1500244140625,693.0499877929688,-0.03823201322004932,0.02902225539752995
2026-03-10,701.9500122070312,712.6500244140625,684.25,688.5,-0.006565165389380123,0.02851008502521748
2026-03-11,692.0999755859375,697.7999877929688,675.0,675.9000244140625,-0.018300618134985513,0.027179452793409817
2026-03-12,677.5499877929688,680.75,659.5499877929688,664.4000244140625,-0.017014350620817575,0.02735002861519776
2026-03-13,660.0,661.0999755859375,631.0,634.9000244140625,-0.04440096164357643,0.028679609041426423
2026-03-16,634.9500122070312,652.0,627.0,646.0999755859375,0.01764049573349946,0.02878425633182626
2026-03-17,644.4000244140625,662.0999755859375,640.7999877929688,658.5,0.019192114042129615,0.0286697216955893
2026-03-18,655.3499755859375,680.9500122070312,655.3499755859375,672.0,0.0205011389521641,0.02801923445811398
2026-03-19,656.0,666.9500122070312,650.5,657.5499877929688,-0.021502994355701244,0.028254558183160024
2026-03-20,657.5499877929688,658.7000122070312,639.0,645.0999755859375,-0.018933940290713158,0.028499317490207395
2026-03-23,641.0,641.0499877929688,619.0,630.5,-0.022632113065384152,0.02861045669884567
2026-03-24,652.0,652.0,626.4500122070312,631.0499877929688,0.0008723041918616836,0.02378272418967579
2026-03-25,633.6500244140625,652.9000244140625,629.5499877929688,649.4000244140625,0.029078578521601894,0.024375439595887886
2026-03-27,642.0,645.9500122070312,631.0,636.4000244140625,-0.02001847784303612,0.022571327145399837
2026-03-30,625.0,628.4500122070312,610.7999877929688,621.5,-0.023412985296128896,0.0224741866281428
2026-04-01,630.0999755859375,636.7999877929688,619.0499877929688,624.9000244140625,0.005470674841613121,0.022423532758908307
2026-04-02,623.0,629.5999755859375,613.0,626.25,0.002160306502153375,0.022441344938958368
2026-04-06,621.3499755859375,627.9000244140625,614.5999755859375,626.5999755859375,0.0005588432509979757,0.021145580408539765
2026-04-07,621.3499755859375,642.4500122070312,618.5499877929688,639.7000122070312,0.0209065386714129,0.021540486305719357
2026-04-08,656.0,683.9500122070312,650.9000244140625,664.2999877929688,0.03845548712913893,0.022817895685535192
2026-04-09,664.2999877929688,668.0,652.5499877929688,662.0,-0.003462272821365131,0.022740616843984016
2026-04-10,662.0499877929688,670.1500244140625,660.2000122070312,664.25,0.003398791540785595,0.021650311213850967
2026-04-13,654.0499877929688,663.7999877929688,645.0499877929688,657.5,-0.010161836657884837,0.021032586462137834
2026-04-15,661.0499877929688,675.0,651.5999755859375,665.0499877929688,0.011482871168013276,0.021134339551850203
2026-04-16,673.0,674.5999755859375,663.0,665.1500244140625,0.0001504197021726661,0.020580284518255113
2026-04-17,671.0,685.2999877929688,661.4500122070312,682.1500244140625,0.025558143841271752,0.021233196768367726
2026-04-20,682.1500244140625,691.9000244140625,672.75,678.2000122070312,-0.005790532970257001,0.020289862413640832
2026-04-21,684.9000244140625,685.9000244140625,673.2000122070312,681.2999877929688,0.0045708869509593075,0.020124110754367805
2026-04-22,680.0,685.25,675.5499877929688,681.7000122070312,0.0005871487174957668,0.020123956441222248
2026-04-23,678.0,678.0,644.2999877929688,654.9500122070312,-0.039240134254062586,0.020779228785706153
2026-04-24,656.0499877929688,657.0,644.75,651.2000122070312,-0.005725627803812583,0.01969635046849439
2026-04-27,660.0,679.4000244140625,650.0499877929688,674.4500122070312,0.03570331628404255,0.020829306848486863
2026-04-28,674.0499877929688,674.5999755859375,656.7000122070312,662.25,-0.018088830878820295,0.020823092619587695
2026-04-29,662.25,672.0499877929688,660.0,665.25,0.0045300113250283935,0.020603182447000577
2026-04-30,660.2999877929688,669.2999877929688,658.0,666.7000122070312,0.0021796500669390984,0.018798474074381403
2026-05-01,666.7000122070312,666.7000122070312,666.7000122070312,666.7000122070312,0.0,0.018560316296643335
2026-05-04,672.0,685.0,663.0,683.2000122070312,0.024748762108731226,0.018772439601042475
2026-05-05,677.9000244140625,689.8499755859375,669.5999755859375,676.4000244140625,-0.0099531435472342,0.018525603574932208
2026-05-06,679.9500122070312,711.3499755859375,673.5999755859375,700.2999877929688,0.03533406640487602,0.019107356239914396
2026-05-07,700.2999877929688,714.4500122070312,700.2999877929688,706.8499755859375,0.009353117102873787,0.018718517897038812
2026-05-08,706.5999755859375,721.2000122070312,705.6500244140625,717.5999755859375,0.01520831912187437,0.018183667674258695
2026-05-11,717.5999755859375,791.1500244140625,709.8499755859375,777.8499755859375,0.0839604264908238,0.02323970112955854
2026-05-12,778.9000244140625,783.0,739.9500122070312,750.0999755859375,-0.03567525984570041,0.02413248885688671
2026-05-13,746.25,787.8499755859375,743.25,776.0999755859375,0.034662046188830065,0.02423520892554163
2026-05-14,779.8499755859375,790.5999755859375,767.0999755859375,773.2999877929688,-0.0036077668870622137,0.023643076470583457
2026-05-15,771.5,782.0,748.0499877929688,761.6500244140625,-0.015065257419899503,0.02400070825648845
2026-05-18,748.0,755.0,714.0,716.8499755859375,-0.05881973004936181,0.026830623806092278
2026-05-19,722.5,745.0,716.0,741.0499877929688,0.033758824065315274,0.027327251518097093
2026-05-20,739.5999755859375,761.9000244140625,725.1500244140625,755.7999877929688,0.019904190328548843,0.027308960328895033
2026-05-21,756.0,771.0,747.5,769.1500244140625,0.017663451755374426,0.026712410999660915
2026-05-22,773.0,775.0,757.1500244140625,764.0999755859375,-0.006565752672207381,0.026753247881475324
2026-05-25,769.9500122070312,769.9500122070312,744.0499877929688,756.7999877929688,-0.00955370766419783,0.026886422989033733
2026-05-26,758.5999755859375,774.5,749.9500122070312,767.75,0.014468832430830858,0.026792734865368265
2026-05-27,765.0499877929688,789.9000244140625,753.6500244140625,784.4500122070312,0.02175188825402974,0.026936692637479685
2026-05-28,784.4500122070312,784.4500122070312,784.4500122070312,784.4500122070312,0.0,0.026937807375085967
2026-05-29,785.0,787.9000244140625,751.0999755859375,758.8499755859375,-0.03263437596115104,0.027558628469815726
2026-06-01,759.5,774.4500122070312,746.2000122070312,753.9000244140625,-0.006522964131418618,0.02756785260694162
2026-06-02,752.75,752.75,740.2999877929688,746.4000244140625,-0.009948268679032202,0.02768283457352916
2026-06-03,749.9000244140625,752.25,735.2999877929688,737.4500122070312,-0.011990905565761656,0.027822021382363418
2026-06-04,735.2999877929688,770.7999877929688,725.4000244140625,764.9000244140625,0.037222878503831325,0.027317300059647984
2026-06-05,769.5,797.0,763.4500122070312,788.9500122070312,0.03144200160196342,0.027629644161101096
2026-06-08,785.0,811.0,779.0,801.2000122070312,0.015526965980685592,0.027142656386024647
2026-06-09,806.0,806.0,778.0999755859375,781.5999755859375,-0.024463350377519788,0.027362683784946402
2026-06-10,782.4000244140625,791.0,760.0999755859375,763.1500244140625,-0.023605363035027915,0.027888275165690653
2026-06-11,770.0,782.5,760.5999755859375,765.4000244140625,0.0029483062674702243,0.027885986332273155
2026-06-12,776.9000244140625,788.0,771.4000244140625,785.0999755859375,0.02573811150183314,0.028122258668740296
2026-06-15,800.0,800.0,764.7000122070312,769.8499755859375,-0.019424277766176945,0.028254347449750895
2026-06-16,770.4000244140625,789.0,763.5999755859375,778.6500244140625,0.01143086199545218,0.028150076981928136
2026-06-17,785.0,799.3499755859375,782.7999877929688,796.4000244140625,0.022795863922764115,0.027776051834243892
2026-06-18,795.0,804.7999877929688,784.5499877929688,789.75,-0.008350105738576752,0.027860948499816397
2026-06-19,782.0,818.0,781.0499877929688,804.25,0.018360240582462772,0.027910278666537617
2026-06-22,809.0,812.3499755859375,790.0999755859375,806.1500244140625,0.0023624798434100924,0.023493957076118455
2026-06-23,808.9000244140625,815.9500122070312,800.0,807.3499755859375,0.0014884961056065293,0.022423759920970475
2026-06-24,806.8499755859375,806.8499755859375,793.0999755859375,797.2000122070312,-0.012571949818342198,0.021750254758576292
2026-06-25,799.0999755859375,804.0,788.5999755859375,795.3499755859375,-0.002320668079233923,0.021741865776653758
2026-06-26,795.3499755859375,795.3499755859375,795.3499755859375,795.3499755859375,0.0,0.02152692509380037
2026-06-29,795.4000244140625,812.9500122070312,791.5999755859375,805.4500122070312,0.012698858277644387,0.018318086228525442
2026-06-30,814.0,834.7000122070312,808.2999877929688,814.5999755859375,0.011360063616901783,0.01750397060993484
2026-07-01,818.0,841.0,818.0,831.0,0.02013261098156316,0.01751148718330283
2026-07-02,834.0,846.0,830.5999755859375,837.9000244140625,0.0083032784766095,0.017329456328413668
2026-07-03,837.5,855.7999877929688,837.5,850.6500244140625,0.015216612517604311,0.01737100406219217
2026-07-06,854.7000122070312,858.0,818.0999755859375,824.25,-0.03103511862266406,0.018352414797503564
2026-07-07,824.25,828.0999755859375,801.25,805.6500244140625,-0.022565939443054295,0.01879547581929242
2026-07-08,800.0,822.0,790.0,805.9500122070312,0.0003723549728518183,0.018413469382344737
2026-07-09,805.0,831.0,801.75,813.75,0.009678004435546894,0.018478819662425615
2026-07-10,816.0499877929688,824.1500244140625,809.5,814.9000244140625,0.001413240447388553,0.017326840913643254
2026-07-13,813.0499877929688,817.9000244140625,798.5499877929688,800.9500122070312,-0.017118679333776865,0.01762305357044376
