,nse_tri_prices_TRI_NIFTY_50_TotalReturnsIndex,nse_tri_prices_TRI_NIFTY_BANK_TotalReturnsIndex,nse_tri_prices_TRI_NIFTY_IT_TotalReturnsIndex,nse_tri_prices_TRI_NIFTY_PHARMA_TotalReturnsIndex,nse_tri_prices_TRI_NIFTY_FMCG_TotalReturnsIndex,nse_tri_prices_TRI_NIFTY_AUTO_TotalReturnsIndex,nse_tri_prices_TRI_NIFTY_MIDCAP_100_TotalReturnsIndex,nse_tri_prices_TRI_NIFTY_SMALLCAP_100_TotalReturnsIndex,nse_tri_prices_TRI_NIFTY_REALTY_TotalReturnsIndex,nse_tri_prices_TRI_NIFTY_METAL_TotalReturnsIndex,nse_tri_prices_TRI_NIFTY_ENERGY_TotalReturnsIndex,nse_tri_prices_TRI_NIFTY_FIN_SERVICE_TotalReturnsIndex,nse_tri_prices_TRI_NIFTY_INFRA_TotalReturnsIndex,nse_bse_price_indices_NSEBANK_PRICE,nse_bse_price_indices_NSECNXIT_PRICE,nse_bse_price_indices_CNXPHARMA_PRICE,nse_bse_price_indices_CNXFMCG_PRICE,nse_bse_price_indices_CNXAUTO_PRICE,nse_bse_price_indices_CNXREALTY_PRICE,nse_bse_price_indices_CNXMETAL_PRICE,nse_bse_price_indices_CNXENERGY_PRICE,nse_bse_price_indices_CNXINFRA_PRICE,nse_bse_price_indices_NSEMIDCAP_PRICE,nse_bse_price_indices_BSE_SENSEX,nse_bse_price_indices_INDIA_VIX,indian_stocks_STOCK_RELIANCE,indian_stocks_STOCK_TCS,indian_stocks_STOCK_HDFCBANK,indian_stocks_STOCK_INFY,indian_stocks_STOCK_ICICIBANK,indian_stocks_STOCK_HUL,indian_stocks_STOCK_INDUSINDBK,indian_stocks_STOCK_SBIN,indian_stocks_STOCK_BHARTIARTL,indian_stocks_STOCK_ARTI,indian_stocks_STOCK_ATUL,indian_stocks_STOCK_BORORENEW,indian_stocks_STOCK_CROMPTON,indian_stocks_STOCK_DEEPAKNTR,indian_stocks_STOCK_LLOYDS,indian_stocks_STOCK_MACPOWER,indian_stocks_STOCK_PERSISTENT,indian_stocks_STOCK_RADICO,indian_stocks_STOCK_SUPRAJIT,indian_stocks_STOCK_TANLA,indian_stocks_STOCK_TIMKEN,indian_stocks_STOCK_VBL,commodities_fx_GOLD_USD,commodities_fx_SILVER_USD,commodities_fx_GOLD_INR_ETF,commodities_fx_SILVER_INR_ETF,commodities_fx_CRUDE_WTI,commodities_fx_CRUDE_BRENT,commodities_fx_USDINR,commodities_fx_EURINR,commodities_fx_GBPINR,indian_etfs_ETF_NIFTY50,indian_etfs_ETF_NIFTYBANK,indian_etfs_ETF_NIFTYIT,indian_etfs_ETF_NIFTY100,indian_etfs_ETF_MOTILAL_NIFTY50,indian_etfs_ETF_GOLD,indian_etfs_ETF_SILVER,indian_etfs_ETF_LIQUID,indian_etfs_ETF_GILT_5Y,indian_etfs_ETF_NASDAQ_100,amfi_mf_nav_MF_LargeCap_Mirae_Asset_Large_Cap_Fund___D,amfi_mf_nav_MF_LargeCap_UTI_Nifty_50_Index_Fund___Dire,amfi_mf_nav_MF_LargeCap_HDFC_Banking_and_PSU_Debt_Fund,amfi_mf_nav_MF_LargeCap_SBI_Banking_&_PSU_Fund___Direc,amfi_mf_nav_MF_LargeCap_Kotak_Corporate_Bond_Fund__Dir,amfi_mf_nav_MF_LargeCap_Aditya_Birla_Sun_Life_Banking_,amfi_mf_nav_MF_LargeCap_NIPPON_INDIA_LARGE_CAP_FUND___,amfi_mf_nav_MF_LargeCap_Tata_Large_Cap_Fund__Direct_Pl,amfi_mf_nav_MF_MidCap_Kotak_Midcap_Fund____Direct_Pl,amfi_mf_nav_MF_MidCap_SBI_Small_Cap_Fund___Direct_Pl,amfi_mf_nav_MF_MidCap_NIPPON_INDIA_BANKING_and_PSU__,amfi_mf_nav_MF_MidCap_Axis_Midcap_Fund___Direct_Plan,amfi_mf_nav_MF_MidCap_ICICI_Prudential_MidCap_Fund__,amfi_mf_nav_MF_MidCap_UTI_Mid_Cap_Fund___Direct_Plan,amfi_mf_nav_MF_MidCap_Mirae_Asset_Midcap_Fund_Direct,amfi_mf_nav_MF_MidCap_DSP_Midcap_Fund___Direct_Plan_,amfi_mf_nav_MF_MidCap_Tata_Mid_Cap_Fund___Direct_Pla,amfi_mf_nav_MF_SmallCap_NIPPON_INDIA_SMALL_CAP_FUND___,amfi_mf_nav_MF_SmallCap_Axis_Small_Cap_Fund___Direct_P,amfi_mf_nav_MF_SmallCap_HDFC_Small_Cap_Fund___Growth_O,amfi_mf_nav_MF_SmallCap_ICICI_Prudential_Smallcap_Fund,amfi_mf_nav_MF_SmallCap_UTI_Small_Cap_Fund___Direct_Pl,amfi_mf_nav_MF_SmallCap_Mirae_Asset_Banking_and_PSU_Fu,amfi_mf_nav_MF_SmallCap_DSP_Small_Cap_Fund___Direct_Pl,amfi_mf_nav_MF_SmallCap_TATA_Small_Cap_Fund_Direct_Pla,amfi_mf_nav_MF_FlexiCap_Parag_Parikh_Flexi_Cap_Fund___,amfi_mf_nav_MF_FlexiCap_Quantum_Dynamic_Term_Fund___Di,amfi_mf_nav_MF_FlexiCap_Franklin_India_Banking_&_PSU_D,amfi_mf_nav_MF_FlexiCap_Samco_Flexi_Cap_Fund___Direct_,amfi_mf_nav_MF_FlexiCap_PGIM_India_Flexi_Cap_Fund___Di,amfi_mf_nav_MF_Sectoral_NIPPON_INDIA_PHARMA_FUND___DIR,amfi_mf_nav_MF_Sectoral_TATA_Digital_India_Fund_Direct,amfi_mf_nav_MF_Balanced_ICICI_Prudential_Balanced_Adva,amfi_mf_nav_MF_Balanced_HDFC_Balanced_Advantage_Fund__,amfi_mf_nav_MF_Balanced_SBI_Balanced_Advantage_Fund___,amfi_mf_nav_MF_Balanced_NIPPON_INDIA_BALANCED_ADVANTAG,amfi_mf_nav_MF_Balanced_Kotak_Balanced_Advantage_Fund_,amfi_mf_nav_MF_Liquid_NIPPON_INDIA_LIQUID_FUND___DIR,amfi_mf_nav_MF_Liquid_HDFC_Liquid_Fund___Growth_Opti,amfi_mf_nav_MF_Liquid_SBI_Liquid_Fund___Direct_Paln_,amfi_mf_nav_MF_Liquid_UTI_Liquid_Fund___Direct_Plan_,amfi_mf_nav_MF_CorpBond_NIPPON_INDIA_CORPORATE_BOND_FU,amfi_mf_nav_MF_CorpBond_HDFC_Corporate_Bond_Fund___Gro,amfi_mf_nav_MF_CorpBond_SBI_Corporate_Bond_Fund___Dire,amfi_mf_nav_MF_CorpBond_UTI_Corporate_Bond_Fund___Dire,amfi_mf_nav_MF_Gilt_SBI_GILT_FUND___DIRECT_PLAN___,amfi_mf_nav_MF_Gilt_ICICI_Prudential_Gilt_Fund___D,amfi_mf_nav_MF_Gilt_HDFC_Gilt_Fund___Growth_Option,amfi_mf_nav_MF_Gilt_Nippon_India_Gilt_Fund___Direc,amfi_mf_nav_MF_Gilt_UTI_Gilt_Fund___Direct_Plan___,amfi_mf_nav_MF_DynamicBond_NIPPON_INDIA_DYNAMIC_BOND_FUND,amfi_mf_nav_MF_DynamicBond_Aditya_Birla_Sun_Life_Dynamic_,amfi_mf_nav_MF_DynamicBond_Kotak_Dynamic_Bond_Fund___Dire,amfi_mf_nav_MF_IndexFunds_HDFC_Nifty_50_Index_Fund___Dir,amfi_mf_nav_MF_IndexFunds_ICICI_Prudential_Nifty_50_Inde
nse_tri_prices_TRI_NIFTY_50_TotalReturnsIndex,0.046481319054870955,0.05347788792370647,0.04321128332307542,0.02754816047192859,0.02765025819970255,0.043837468291172244,0.048876032191966554,0.051568379885371746,0.07920752453320634,0.060709588017506484,0.0457439953734321,0.05282958049953362,0.04881871270151717,0.05299316532705663,0.028996270703347076,0.012785788037600557,0.016217959066909815,0.03012105973219257,0.045990449447027605,0.03403465506152272,0.02787056764639515,0.031036095001126286,0.04657121304422682,0.04540910254750371,-0.0869349691806275,0.045435912173649895,0.019486504568962445,0.039401944810788764,0.034569926906313456,0.0610577080366833,0.022280701270138432,0.06773867299932664,0.05634304495156048,0.03495159455047764,0.047651177639536385,0.04732563175614701,0.05813747226405599,0.02112111157777623,0.033449772503270275,0.029117535701800173,0.03848511546926028,0.021158493342499977,0.03580801805858749,0.03822411327877234,0.0752279535992475,0.019801514163563936,0.030247860848811845,0.00597579691913111,0.017030013039931548,-0.003187734545852033,-0.00012838245243567613,0.018332598028667733,0.01893165456446503,-0.00819681844024472,-0.0025194377489381366,-0.0018327594743460726,0.03189119907076191,0.044495284869750074,0.01819341429906015,0.026343479694901265,0.007749833256945326,-0.003187734545852033,-0.00012838245243567613,-3.7978940391690355e-05,0.0015384756813268895,0.012933404213787724,0.02438762938943122,0.025039082826159683,0.0004214096627982944,0.0005983334017425994,0.000557207572201591,0.0007565693195325459,0.02595204170478453,0.02434543545673338,0.02550836068487336,0.022822271513210608,0.000436291616581149,0.02254346336472752,0.026061401904567804,0.024779979201595664,0.03121026455851699,0.025328239913076214,0.025129950043226483,0.028201951385141543,0.022560020890366878,0.025389582172550964,0.024913147248721325,0.01671220626434421,0.000721224951610483,0.02594636357675121,0.027757280969447306,0.01746912971230143,0.0005487917563117745,0.00046865810971142674,0.01969326512827773,0.026456455206734543,0.013172452069796638,0.019557973633837163,0.013828750481124565,0.021946614740927843,0.009140282787971488,0.01715808033321292,0.01656303278375121,-2.0321682338436487e-06,-0.5647473715694734,3.5132649160430666e-05,-0.0004251742626006712,-1.5596550614095318e-05,0.0008461980737170871,0.0006484121459282178,0.0015277648370455412,0.0008802098781014123,0.001359310389546788,0.0015518818464705939,0.0025319699229265358,0.0014131903363100748,0.0010145856013022648,0.0009225527046842118,0.0009340992886355643,0.02498855388255086,0.02499378016463721
nse_tri_prices_TRI_NIFTY_BANK_TotalReturnsIndex,0.05347788792370647,0.08753542292916955,0.03056938954951859,0.025385660477809956,0.02737747006789576,0.05476125154180313,0.06562964612057624,0.06887561872093559,0.11222951862911056,0.07619570825338845,0.054497302670278774,0.08329279394608682,0.06420778714807177,0.08514552379433996,0.023037494361819802,0.008432105100697241,0.018686631413116682,0.04039126566838447,0.068164373928402,0.050470477360022026,0.0369174989942368,0.04361706411219386,0.06287611535694457,0.053355287618934336,-0.10617906674777104,0.04811901779349802,0.008650892740387018,0.060169850059980205,0.022486854828723177,0.09682234028556269,0.019420465137089588,0.10701723863083873,0.09476128639554013,0.04607772053366364,0.0671318812068182,0.05611177411669237,0.08427804786432587,0.02474901488427506,0.0403971625499027,0.03294147097795497,0.04008876371863567,0.014708920051790222,0.04768366837444026,0.050107355914026805,0.1015718420493417,0.02376536985540572,0.044200372895843325,0.005423315483060262,0.017408874292306142,-0.006354087398040688,0.003224352220928167,0.015227287758336427,0.019447833371720565,-0.01199089794361544,-0.0051441991880614695,-0.0034368273917448795,0.04315903598509843,0.07376274718424233,0.006284466840749259,0.03311261097193125,0.0051489312901772544,-0.006354087398040688,0.003224352220928167,-8.577553418877313e-05,0.0019298654750160345,0.01515819475876301,0.03268711776897289,0.03318431448156396,0.0005799486551018715,0.0006554857345496016,0.0007252055063730646,0.0016304566818062904,0.037203381754586415,0.03270151680639612,0.035838631510840956,0.031167914665519922,0.0005649872517576745,0.03139787389732001,0.03596825815691946,0.033217421382848535,0.040221968708187686,0.035232107000853455,0.03448816216113293,0.03822436478235916,0.029875451499660026,0.03351956349051907,0.03482704731992803,0.01721240989949479,0.0008017370827374081,0.03616889294432053,0.03633247225288646,0.021847213808568862,0.0007783694004090518,0.0007468714642413273,0.02136724690447828,0.032840424518119284,0.010092808174498723,0.014311456499600101,0.01937456116133293,0.03267071579414121,0.009690078086431162,0.02466118375110031,0.020281616175814865,-4.539633330349379e-06,-0.7194227194971394,-3.365527615920558e-05,-0.0039499856684659836,6.529203427087569e-05,0.0015668573200420506,0.0007028681921973845,0.002628273930306046,0.0019210926435389794,0.0029298400217092043,0.003183828185349034,0.0029088385526157452,0.0028395361886662147,0.0019052925744522334,0.0018647058854416678,0.0010462580098995874,0.03308042922916046,0.03311395478933558
nse_tri_prices_TRI_NIFTY_IT_TotalReturnsIndex,0.04321128332307542,0.03056938954951859,0.1048604036017998,0.02885692384486383,0.023992927806418627,0.027430484704935858,0.030590241461575865,0.03270146674745358,0.04322192529546701,0.036297751059383127,0.027127733816441554,0.02590378526977112,0.02313813215196816,0.022773359061398945,0.06027607325643716,0.014741776037839662,0.009745324407437375,0.0135867348176326,0.020416296317381538,0.012970470898794386,0.011572761349126515,0.011396707991821322,0.029119453499110173,0.04304626063968308,-0.05717649895608781,0.03300158394790664,0.05242868591824853,0.023099843812186233,0.09219706682875095,0.032933278163439085,0.020939345178874295,0.033278179844796425,0.028012541587454236,0.01524846756935509,0.034143235921874564,0.03359316586593897,0.03171856453285138,0.01197494041248979,0.02437284128477937,0.01151645815507887,0.020090704623768194,0.048118958629410465,0.02866120038118041,0.03437024975226581,0.055597505172045134,0.006787545094458938,0.016553910203812954,0.00017569194025130602,0.010431805823377781,-0.0011537339817734183,0.005711664753567829,0.0237051416788163,0.021576648138950404,-0.0029394827593724835,0.0003184621014457043,0.0016625305977481318,0.022112739587961793,0.018518132356279637,0.056187838577147056,0.01965387882118823,0.01910233616804662,-0.0011537339817734183,0.005711664753567829,-1.8760003329647942e-05,0.0008403502767922595,0.018355716193717175,0.015352371589375073,0.015901398896762273,-0.00011433064251656797,0.0002887705955229953,0.00020912255033653216,-0.00020212932880305973,0.013948596398691712,0.015109584177564776,0.01297132852177634,0.01337074410242454,-0.00012195111663973847,0.011547567494702746,0.014641578108202342,0.014068801666904517,0.024957652820380635,0.012879668941328467,0.013618221707954936,0.016668593189166976,0.014816785725789232,0.017948247716297834,0.013799586264873175,0.018231344062555166,0.000361673925044036,0.014286481203166154,0.019466271061647562,0.01364905484816438,-0.00029551967537514096,1.9975917598480273e-05,0.019757370891511666,0.020940747389677508,0.016880284772362378,0.0415067755113265,0.00711695420681176,0.00917651103324624,0.007860959177410237,0.008923451825966608,0.01287194059861602,-6.652416440194559e-06,-0.08164698870723233,-5.893833183447687e-05,0.008610715640532464,-0.0002012464224603483,-0.0005183127724810525,0.00023625731137082666,0.0012110017498736996,-0.0007570796169635479,-0.0012206606844064115,-0.0009047288047615605,0.001581120811684438,-0.0004875698762704134,-0.0004684921033945443,-0.0005146754103096578,0.0007227831231073943,0.015974599290731105,0.015928410118858802
nse_tri_prices_TRI_NIFTY_PHARMA_TotalReturnsIndex,0.02754816047192859,0.025385660477809956,0.02885692384486383,0.044103077857364906,0.019456394375727458,0.028252721236125218,0.033660216352441014,0.03259170849762887,0.03670828426640464,0.035203232582149996,0.026238955525262647,0.02466090925016554,0.02673562169323051,0.020023573976364152,0.024934341735625393,0.0347611392553112,0.009485069515202447,0.016981214971221258,0.016608485540850322,0.015611770931412482,0.0122073364544712,0.014143176973490035,0.02943381966692807,0.026441459999561694,-0.060568530676765805,0.025436946245724387,0.019145851393995737,0.017805296637815694,0.02356416140012847,0.030906640703955386,0.014900744054136262,0.03781732823922732,0.02207937742263875,0.02440384054065315,0.04305067069330737,0.036111287329997147,0.025021538353968045,0.01564608702625749,0.018430206814415068,0.023825727400849955,0.03314995000780108,0.01686576134122467,0.019440004100331202,0.022700438008132998,0.050822556106822875,0.007629514556079284,0.02187844172849287,0.004974574841998753,0.010712077955220846,0.0018126839467848713,-0.009285742932279363,0.01387332108759352,0.012682991980035297,-0.002741945087510848,1.864933928064103e-05,8.795225076280122e-05,0.01577436627063835,0.01417778078788649,0.01703002352274949,0.014237324107353958,0.011926595136165903,0.0018126839467848713,-0.009285742932279363,-0.00010680410274522902,0.000979359750171977,0.013585731540084932,0.01354626165804541,0.012947727926485538,0.00026658350927414773,0.0007232779559054652,0.0004584161062826754,0.0004126963701159335,0.013115835232967209,0.012549465835466355,0.016291173516282335,0.01606798478781893,0.00040699187850333154,0.013009800532529918,0.015679442671007633,0.01646465068979428,0.021916424465261156,0.014864571883453378,0.015827049161920754,0.017631283358041858,0.013696781298319274,0.016444343879373137,0.012939829532019905,0.016062117622052854,0.0008905428685120893,0.01771886455242477,0.019208824973924253,0.011984812496075614,0.0006515897070803905,0.00015154669527247763,0.01977784969121537,0.017594879962246783,0.02977215178223134,0.017612506788725585,0.007273729307789939,0.009678070655023276,0.00735310430068646,0.008637020083008994,0.011244787980942094,4.649399094807895e-06,0.4413427053251311,0.0002040074108057188,-0.0029888084415097818,-5.02206987917012e-05,0.00047951846526825834,0.0007917687191468597,0.00021291434027358093,0.000551530874339741,0.0007382446859997294,0.000768032773621034,0.002551820251946283,0.0005537467083481187,0.0005547112458414417,3.157313314995276e-05,0.001260257430202332,0.01291008108829784,0.01288685971586162
nse_tri_prices_TRI_NIFTY_FMCG_TotalReturnsIndex,0.02765025819970255,0.02737747006789576,0.023992927806418627,0.019456394375727458,0.0359628623744812,0.028493096880099978,0.0287794862945091,0.026475682481876713,0.03574120274216455,0.02762144566922594,0.02435091511958165,0.027167325915473058,0.025649473577570768,0.02348085667446443,0.015707178684967023,0.009406078526595025,0.022774234718121778,0.020057285477128955,0.02560014199744437,0.014640195439424238,0.014560694462603892,0.01815191808382362,0.023895073549161414,0.02711390633749448,-0.05586243213649868,0.020666958931409588,0.015997785454281193,0.022322185099031923,0.016648651787674745,0.02747147611887142,0.03695680416268918,0.034613716406140256,0.02820908322044453,0.02111000712852179,0.022558825859347775,0.031359493568331606,0.040720711959230556,0.023234739063577647,0.023509259313546194,0.038023698391647,0.043356018821644374,0.014562226653086556,0.019580119190543616,0.026660372034822737,0.02210502778303517,0.003948849203091916,0.025499780101462935,0.003873875765910512,0.005797220838459058,-0.0030951637550620578,-0.008352521800859521,0.002728852941896444,-0.0009162529199127469,-0.004249214659674736,-0.0019289324269916813,-0.0017718294706865457,0.01602191402083604,0.01871226436806808,0.0145828692605614,0.017504970127543203,0.00603562254665856,-0.0030951637550620578,-0.008352521800859521,-8.539282189245465e-05,0.0013636835743292659,0.005558615123631588,0.015895779164771175,0.01643217753132552,0.0003739390362640277,0.0004279091137053798,0.0005190824079276128,0.0009687552810636424,0.016425999635066114,0.015963871938697166,0.01666022289571702,0.016045843614020748,0.0004797041225817512,0.01559662456398184,0.016096781009079023,0.01669168284413449,0.0199994344384473,0.016838100486602243,0.01652697844634609,0.018438999993503402,0.014831551952708376,0.017280432635750936,0.01635586722035593,0.016977429685247025,0.0007572695061011279,0.01664616243483047,0.01851516615752646,0.011294077134870927,0.0006329231272839366,0.0003476357385401867,0.019055736726330774,0.018395423061382567,0.009111196901762354,0.013919514226807886,0.008586902417803735,0.013089320225523672,0.008407807906621743,0.01107662348927144,0.010661460765765384,-5.1899405331768355e-06,-0.35695732728793367,3.151882886229581e-05,0.0017273031763501124,2.9841689872819743e-05,0.0006838968731685902,0.0006638546770622275,0.0007000015335366797,0.0009588828582101575,0.001256775116238667,0.0012082990867418137,0.0018858513039886932,0.0010499672456082488,0.0008005940180583305,0.0012503589834665513,0.0007173787388126043,0.016435714724269437,0.016450084267627195
nse_tri_prices_TRI_NIFTY_AUTO_TotalReturnsIndex,0.043837468291172244,0.05476125154180313,0.027430484704935858,0.028252721236125218,0.028493096880099978,0.06451927778425798,0.05190501730614515,0.05627806974335528,0.08240604769093543,0.05988721985036796,0.044364101541672106,0.05258923942723593,0.04974765986807715,0.05461500157316999,0.028217759830323798,0.017078928956445368,0.019749301287915313,0.052182822744923446,0.05314716877312893,0.03847499129519219,0.0325034347006007,0.03660289587121341,0.05309115864672354,0.04282271635127946,-0.1073160767858488,0.04304498388475611,0.017117504499649345,0.04240852029677584,0.01885391243923565,0.0599429302943215,0.018766847298132546,0.07586880402064936,0.05666825294927709,0.03271224456066927,0.04875131155181055,0.04796421165743235,0.06256920057110184,0.03111002846482048,0.03812859976805457,0.02538990850178285,0.07167108620214191,0.023438720757309565,0.03486132988597879,0.048404374668856165,0.07939161054965875,0.03155303767079998,0.03419592227314826,0.006462423593844083,0.022259508702165105,-0.0015494587170885403,-0.002500526389044103,0.0192739381295457,0.022923768484692356,-0.00798501771577774,-0.0029084036978921125,-0.0008559579605831595,0.0354941788484969,0.04801988641081496,0.009559041446291598,0.02993182077605925,0.0074718425011467485,-0.0015494587170885403,-0.002500526389044103,-0.00013056876698811588,0.0010064767541144671,0.01626568526260872,0.028943208848198326,0.02844121194661556,0.00018462297689836185,0.0005608142177599533,0.0003520453012713464,0.0015210234046882899,0.03208469116586474,0.028462628525432417,0.03330551510799168,0.03038002097341166,0.00015774284823809483,0.02835359579328956,0.03439460946973427,0.034124938212547265,0.04062969452960435,0.033539667748110014,0.03242967884267116,0.036338831735747125,0.02899035986921144,0.033012967097554774,0.031908115056807546,0.016934846889652886,0.0002773280038603599,0.03421619086182283,0.034742185161039725,0.0221558852896968,9.864727017501321e-05,3.467593139624174e-05,0.020440862116263323,0.03259850107717547,0.017332856374780745,0.017270819076298922,0.017699744091338728,0.026401560445666387,0.009884517039224284,0.02050766061000222,0.02069560108994304,-2.8430081748558674e-06,-0.6111671225959122,0.00019982003678996254,0.0005829723451982235,-7.570531573329096e-05,0.0005762387522684127,0.0001937825194722459,0.00229251549109783,0.0004394159982395165,0.0010507845039830692,0.0013591867036444553,0.002492600922297492,0.0012353982774784195,0.0004532193831414045,0.0006702031524992128,0.0009323925922524697,0.02836889061965265,0.028392099512924318
nse_tri_prices_TRI_NIFTY_MIDCAP_100_TotalReturnsIndex,0.048876032191966554,0.06562964612057624,0.030590241461575865,0.033660216352441014,0.0287794862945091,0.05190501730614515,0.06682525337329695,0.07049388455599952,0.10239428167243378,0.07255500587043573,0.05270737578281076,0.06104283123756869,0.05768513513569566,0.06288940474077642,0.029092992001435954,0.017718529786930615,0.01747341064654205,0.038036026629956775,0.06270578178205836,0.04550890920556834,0.03305638984573165,0.03911804191432292,0.06343957419949274,0.04726572198290017,-0.10311510646606832,0.047405738514202406,0.015383391522999192,0.0459654820292375,0.02042212257146875,0.07128510073883502,0.018015338941569273,0.09059731926458875,0.07063152357940104,0.04106108439371583,0.07237120619132215,0.06610296946162986,0.08153498681149582,0.03588669272093996,0.045162565707027695,0.04329789866397975,0.05903587586412394,0.025386987430489793,0.051339467619176044,0.05448673777108204,0.10069550140638037,0.031878193001398866,0.04431420967528086,0.0066756153033900815,0.018959889667425706,-0.004439708979944809,-0.001990411296430483,0.019689700018096237,0.02081695335554526,-0.009200944397041695,-0.0029481993077420344,-0.0024448755402174524,0.03543950140877362,0.052448571485140344,0.018975008913337584,0.029605941895410534,0.008909205899840782,-0.004439708979944809,-0.001990411296430483,-5.923551053063971e-05,0.0015111254369132175,0.027199639863404613,0.029635918566864816,0.02824186952667405,0.00047905280839265993,0.0007211484290135111,0.0005854428153019026,0.0003948954254145663,0.033350676878423816,0.02946787769594556,0.0374623280202105,0.035274568512808586,0.00043117940642485033,0.032660909095552006,0.03797421015626075,0.03662466072556162,0.04311736917621285,0.03682010722575975,0.03679583465864386,0.04315990997851628,0.03408831122707343,0.03744098700863256,0.03644611108001879,0.027186495239481433,0.0006331762753552296,0.04038467840594684,0.04101435209986807,0.02238622885573624,0.000490493764382191,0.00047984893364783705,0.031025634471795863,0.03307240160515078,0.020142763817908603,0.02145279010323293,0.017255437415780346,0.02816342427072939,0.011685870174337188,0.02162045473091536,0.020492954074661802,-2.242001281160819e-06,-0.46644629723793374,0.00012541960774924642,0.001143648557355903,1.1357541093898901e-05,0.0010419839523978782,0.0005819335868248404,0.0019216427966675842,0.000866967154333764,0.0015183513505931136,0.0018007823191903746,0.0024177456083560953,0.0014721661325508156,0.0007902656933833943,0.001229084604228508,0.0006914776498330765,0.028186624274526263,0.02820494059508222
nse_tri_prices_TRI_NIFTY_SMALLCAP_100_TotalReturnsIndex,0.051568379885371746,0.06887561872093559,0.03270146674745358,0.03259170849762887,0.026475682481876713,0.05627806974335528,0.07049388455599952,0.0869747320656952,0.12161328208092603,0.08373315276968969,0.05447679190110323,0.06599306796397075,0.06452815703652756,0.070898505094664,0.03408892520263748,0.01812437608455958,0.01858353887726468,0.04264797583914383,0.07693780685346571,0.05463800537491204,0.03858711642185808,0.04518545786094273,0.07289975363651205,0.050056498249995154,-0.12429886181603395,0.052752968496253556,0.02088572370155409,0.048477316999355806,0.02157289469922674,0.07682262142396847,0.011321271079838276,0.0958309825196987,0.07607203582140538,0.04128669821542742,0.07312596778462285,0.07165924242659565,0.109581083290763,0.04534798186735553,0.05690782560825716,0.06102974136465926,0.08008031370545485,0.03237393125206094,0.061926481381566444,0.066051902660378,0.12330775928937729,0.04566081406146669,0.047066876405800734,0.005928472022345343,0.023398287491243036,-0.006167527050429846,-0.002687254356275668,0.02540417816799486,0.028555107703186016,-0.010501048069163639,-0.003231735032171049,-0.002503155399735012,0.04056486996136326,0.059992911372186986,0.02319448429728208,0.03398533179189075,0.010983850174747735,-0.006167527050429846,-0.002687254356275668,-5.082309681768447e-05,0.0013492366616299984,0.03772676100416501,0.03464667100295022,0.03242202427765817,0.0006314972226156547,0.0008142492204165738,0.0006660493589284042,0.0003779239679239618,0.039278835510343724,0.0342144312083311,0.04523242047198907,0.04348816339287917,0.0004732897286309453,0.03898549898388917,0.04639350833741521,0.044167728142630674,0.05063363830114983,0.0447456461068636,0.043994974134337575,0.054716627848523436,0.04282023082522178,0.046651059495320515,0.045517476187435846,0.034608717371917196,0.0005999977489695227,0.051030437885157605,0.05134401288057382,0.027149239439418528,0.00019219971639321563,0.0005929653505050504,0.037004505659280255,0.03949436744639061,0.02182241804756658,0.0266530400088077,0.020334652681226292,0.03352212245990832,0.013039493695439983,0.025706985514451497,0.02346847426728591,-7.2555984656067715e-06,-0.813569561925936,0.00018280377803489258,-0.002099570263810426,5.378114667554384e-05,0.0011964999927216056,0.0006299905156691532,0.0023855979403933705,0.0005317319546727375,0.001350412111017817,0.0017334237885832716,0.0023702462516257813,0.001354776059630493,0.0006662020846359446,0.001281179971754213,0.00018774909814220917,0.03235291896956119,0.03238708137703031
nse_tri_prices_TRI_NIFTY_REALTY_TotalReturnsIndex,0.07920752453320634,0.11222951862911056,0.04322192529546701,0.03670828426640464,0.03574120274216455,0.08240604769093543,0.10239428167243378,0.12161328208092603,0.2201766501835358,0.11963301620703323,0.08354407166858062,0.10794108573848937,0.10111938769057013,0.11062969370012567,0.04398090324162417,0.015243364969362742,0.02436777144692542,0.05234747589178231,0.12919935867298027,0.06581368521216857,0.05208502317866806,0.0633194345186093,0.10229238447557835,0.07783366846323786,-0.14001363093469832,0.0816758802015429,0.030756291469903697,0.08255728050081435,0.026709773329488876,0.1290060883583269,0.018551703217010974,0.1485490675112701,0.12339872877921518,0.06285447330738579,0.09592361741530456,0.09188822704810919,0.13217569816129202,0.05153179422607651,0.06627820380869268,0.07006600590696362,0.10076426014311829,0.03615199101382796,0.08895186568621194,0.0830593318456508,0.16835724311539998,0.05366466708962675,0.05663598438089215,0.008854452857916664,0.03256903932990056,-0.010953877719752918,-0.010228440355667352,0.03229388751708956,0.03132333271238944,-0.01941080208224766,-0.004858992250082864,-0.007640851501392047,0.0600201721120034,0.09189684884052989,0.021701111418895518,0.04009298866195834,0.009761560601541134,-0.010953877719752918,-0.010228440355667352,-6.157360207058992e-05,0.0024646277083107014,0.04540360553443285,0.04187609747679065,0.040567640859679135,0.0007423978490215726,0.001101478732565267,0.0008046094990444566,-0.0008671262375348993,0.048096289978535434,0.04208699825066185,0.0516348429992577,0.047429474896646694,0.0006297164621408177,0.046543752963976615,0.053711239112079215,0.05073052440223287,0.056145228672068934,0.05121350523138734,0.05102241120547721,0.06109267498386535,0.04820455703792385,0.050601170543900884,0.05314175564200404,0.0389454125986999,0.000979104146450385,0.057198232502460096,0.05303917691391769,0.03050503636279427,0.000807256191685036,0.0008198204986529355,0.044670792592343835,0.044612083080194015,0.016907534054686205,0.028313892050436447,0.02402726431704162,0.04275344444467492,0.016918463393736677,0.03195625493936678,0.025543542245893006,-4.715686158216867e-06,-0.7022001539737911,0.00013155504604054973,-0.003185820315487263,0.00010478097597195918,0.0016166130441741474,0.0010529679905714588,0.003452571217476082,0.0014074545218198836,0.0024706326114649338,0.0029214027293772288,0.003946460923360519,0.002310005342376376,0.0015836331806130702,0.0016746417665724903,0.0003951206871882016,0.04048325167926728,0.040542122467796954
nse_tri_prices_TRI_NIFTY_METAL_TotalReturnsIndex,0.060709588017506484,0.07619570825338845,0.036297751059383127,0.035203232582149996,0.02762144566922594,0.05988721985036796,0.07255500587043573,0.08373315276968969,0.11963301620703323,0.131600925509456,0.06630541678496747,0.073546570976044,0.07304600226620579,0.0759001616982572,0.03518076700177268,0.015195207618777769,0.014505587692680282,0.038320623674229844,0.06594613543492658,0.08913242626479344,0.04302172782948499,0.04537487492839379,0.07207369594047092,0.058508016074546115,-0.11404963337080984,0.06410329229372945,0.023916881103844982,0.05601474318539191,0.024486120488808667,0.08771277957262887,0.012481727882235932,0.09937951874528134,0.08456245987944329,0.04562403942434777,0.05944240389422449,0.07352406874101325,0.05815618171527907,0.03122614800808731,0.05421624449431146,0.0497607591621565,0.05105089907154241,0.025045417439934436,0.05306412978401979,0.051757220652018154,0.12548994470308558,0.04042798822319743,0.0417640463081714,0.013413288070966062,0.04412407239205277,-0.00034404973795137614,0.03595391963069007,0.048898717533829995,0.049963125823310583,-0.011529626356981796,0.0008409765721170729,0.0008395299832168349,0.0432406552116488,0.06356920124159214,0.01329754439091416,0.033212178014073536,0.01763184733361226,-0.00034404973795137614,0.03595391963069007,-0.0001630532846390962,0.0015975398293011016,0.02209795710786088,0.03032906507217975,0.030977884127523954,5.1480818217462996e-05,0.0007152268524983716,0.00027986692742689123,8.021420076294108e-05,0.03544762504040112,0.031203653198774623,0.036891039028255024,0.033133756477670244,2.7803248675564666e-05,0.03163994459454032,0.03918076254906783,0.03388961375552377,0.04568595506768026,0.03567963598051376,0.035074107760038394,0.043605022112304576,0.032478683699448126,0.03609631216920528,0.03685874516093604,0.024172543519125008,0.000511915959048383,0.038339746888955806,0.04194913437704718,0.025110299361140634,0.00030561515354161374,0.0001302628001578652,0.030046019773440402,0.03398453138546833,0.016574955452589298,0.0180693366171328,0.018098772394995872,0.03162321312625613,0.01152410541968854,0.022846285863058265,0.01986857690908383,-1.410795050415745e-06,-1.1357240076025192,0.0002807377958695783,0.006610081731456787,0.00012451119192151,0.0007761834695654377,-0.00010341617364482457,0.0004237468124902986,0.00011808668288073583,0.0011409614196579206,0.0013800840201990245,0.0002451789694731837,0.0013273224330154392,0.0006936450589379471,0.0013478122526691034,0.0005445257479052203,0.03083141348991724,0.030904355566458316
nse_tri_prices_TRI_NIFTY_ENERGY_TotalReturnsIndex,0.0457439953734321,0.054497302670278774,0.027127733816441554,0.026238955525262647,0.02435091511958165,0.044364101541672106,0.05270737578281076,0.05447679190110323,0.08354407166858062,0.06630541678496747,0.06672659018627743,0.05140539157327087,0.05427749651279033,0.051693333984051716,0.021475892090954796,0.012067178741933613,0.014418886493951934,0.03234663580884273,0.05347085576783084,0.04357302866385686,0.04684482584112424,0.03715888405373107,0.048139498569582787,0.043725509118994824,-0.07718708729613039,0.05918528501419415,0.00968694311731788,0.036209406291760615,0.02001843529386248,0.05994028607396851,0.016728742811660237,0.06858595228590078,0.06099366135311124,0.03805555543272193,0.04793507032035435,0.048268973170375665,0.07184712835867792,0.020740146118865044,0.03997793959711643,0.04997497716395943,0.04515283782498587,0.014166766501114815,0.04084870510613275,0.03464613167273553,0.07757420098507294,0.02073290572397781,0.03378799424810386,0.007661334868002212,0.01706188186781827,-0.0036022609867330775,0.0022263989105131905,0.024499511657290685,0.024084132404184083,-0.008313428057096211,-0.003496765233930851,-0.0024996881796384316,0.0317769078674216,0.043006282572523896,0.010022309418777062,0.02843035785661775,0.007039862263100277,-0.0036022609867330775,0.0022263989105131905,-1.6081735464748145e-05,0.0010582040283473601,0.020506855415066957,0.025661748796724598,0.0267299567844673,0.0003089359465971861,0.0005463505731990698,0.0003995498568375953,-0.0009364490573080071,0.028237337012877912,0.02623764002552777,0.02744289099532958,0.02524154869938473,0.00027786389009300656,0.02436822564443636,0.029643482403877867,0.02678125904529969,0.03520306022543819,0.027722154195254766,0.027070014153608903,0.03349831413921439,0.024768968603627567,0.028428185726219742,0.027628202842004686,0.02307090305186101,0.00044639314639401,0.028565387996206594,0.032357410238019406,0.017907755332978635,0.0002919233281663597,0.00033040501295265087,0.02592192080464196,0.026679405097845388,0.012611481988183822,0.015962150527661204,0.01463231328282032,0.025928429726854663,0.011394117258689388,0.018475134041065013,0.017314718303186486,-2.3405274306665536e-06,-0.9988958143889344,0.00010250479976239729,0.003430075232539329,-7.010770536497858e-06,0.0006605223337472434,0.00043047212836183363,0.0005983225083044,0.0004100857727624358,0.0007069846839545773,0.0009121938496394946,0.0008902051605706158,0.0011614643195200646,0.0005009894490772334,0.00033944718377224774,0.00035634104459711293,0.026651547068837777,0.026675787994226097
nse_tri_prices_TRI_NIFTY_FIN_SERVICE_TotalReturnsIndex,0.05282958049953362,0.08329279394608682,0.02590378526977112,0.02466090925016554,0.027167325915473058,0.05258923942723593,0.06104283123756869,0.06599306796397075,0.10794108573848937,0.073546570976044,0.05140539157327087,0.07939350393304745,0.06147443810353568,0.07911616320032644,0.02546601616048435,0.009459503237325556,0.018387135549784966,0.03648945756454991,0.06147576847820245,0.04462034145376171,0.03289575936637086,0.03973193588958618,0.06030247667125478,0.052506617925112256,-0.10302504590525927,0.04900435005852717,0.010218775683180142,0.06249259690390115,0.018019914243426926,0.09193754609422285,0.01923441803896937,0.10329974746284205,0.08830887651421508,0.04115779670484415,0.05912021586549297,0.055264093881868814,0.07964981210624777,0.024949823023781632,0.03841084468305031,0.03391176770809136,0.03413485269803964,0.013874178956670664,0.04271668842304396,0.0474720171623117,0.09623437672298042,0.028480510884210573,0.04132492775896758,0.005932835210954493,0.02042500519896976,-0.005180283419544885,0.0020155763931312453,0.012274740841150492,0.018052219445728768,-0.011451591562664308,-0.004848167731144283,-0.003165560059813198,0.04085137107047093,0.06692157652283158,0.00947745865867242,0.03156545487596828,0.005594877489350428,-0.005180283419544885,0.0020155763931312453,-7.97477835612117e-05,0.001991102093113602,0.013062806045110408,0.03060632437511741,0.03126355261765134,0.0006488568317285634,0.0006776057476376727,0.0007724949866692303,0.0019095761464896915,0.03387504197940802,0.03059864811616986,0.03297019561055285,0.028735073074364903,0.0006765268564290193,0.029288389508826687,0.03286553168565274,0.030686975695159293,0.03722463395993719,0.03263949178467497,0.032105539004451136,0.03485769654859472,0.028054117452443624,0.03084085795897138,0.03190259946489839,0.01665158441864034,0.000930604315582652,0.033152069237359624,0.03397597557573981,0.02056817749399547,0.0009528751525199148,0.0008151377265161782,0.02066960558617058,0.03128177568190847,0.0107954344435021,0.014986060727673799,0.0178509861104261,0.029441852536695536,0.00940068987359826,0.022585884933122455,0.01947980911016611,-1.8298220707662909e-06,-0.7572537813237732,-4.0090609844129654e-05,-0.0029022379428393992,6.499452562647238e-05,0.0015429310380510768,0.0008463055074065031,0.0023594946694013752,0.0019514920947975199,0.0028164563207007717,0.003074979968822814,0.0036732398350256797,0.002687708752156552,0.002016309957115012,0.0018073658492799465,0.0011195955754831899,0.031176558282713603,0.031189855351366164
nse_tri_prices_TRI_NIFTY_INFRA_TotalReturnsIndex,0.04881871270151717,0.06420778714807177,0.02313813215196816,0.02673562169323051,0.025649473577570768,0.04974765986807715,0.05768513513569566,0.06452815703652756,0.10111938769057013,0.07304600226620579,0.05427749651279033,0.06147443810353568,0.06665231489705195,0.062346985909017716,0.022684544222529888,0.013513429256858469,0.017084891219714314,0.0363648015466243,0.06298498108747004,0.04541962590846137,0.03679992040787822,0.045776059802364814,0.05730903113606119,0.04712816424800785,-0.09221292679095253,0.05117607091728696,0.008000986591493031,0.0472119404544456,0.014156279704624783,0.07167603235812996,0.016193468573241606,0.0788301769503991,0.07084554743718609,0.04826167494200049,0.05501757333820813,0.05550079547054701,0.05896961000568377,0.02498159064340779,0.0430850868165874,0.03852164112895061,0.04911331585038231,0.016976395776698298,0.03865011213161546,0.04226118504450443,0.08915560331379932,0.03027635230293934,0.034175355797468124,0.006681526625741756,0.019551448769614108,-0.005418858838960697,-0.0022434821576883764,0.017923653367423582,0.019312933841709252,-0.010551780373771438,-0.004191260043419236,-0.0037123773790228706,0.035800250047687804,0.05222423251106438,0.013183724369336219,0.027086199441419403,0.0033858601837586226,-0.005418858838960697,-0.0022434821576883764,2.1418708272923893e-05,0.0013384927172189324,0.0164653498513428,0.0277165887168009,0.027714504596217954,0.0006172890687671094,0.0008716627567093328,0.0006041593968068657,0.00039780689237301224,0.031128285574734037,0.02786649607901978,0.03138859346465121,0.02716261030931029,0.0006098281083339507,0.028677996944207525,0.033209298906021506,0.03182760001615398,0.032604369445095385,0.03235263780051652,0.03190614853334284,0.03615418419626973,0.028027383011772017,0.02935401445006109,0.030674982093545706,0.020073573697453752,0.000677719946307494,0.03312221390335926,0.03076430186054019,0.019477878833408867,0.0008256291391505535,0.0006884362663281865,0.023070512220311132,0.028166199844239813,0.013291821734343028,0.015288710599691318,0.016363202912731644,0.02772880733101863,0.010777974526637781,0.02121709573661744,0.016883669522645237,2.7183728169384563e-06,-0.8526279680116831,0.00020423301465705807,0.0005713791660029061,-7.322528086566791e-06,0.0012634365970833348,0.0007439517168950206,0.0013986676236246445,0.0014203330969106706,0.00221820896820081,0.0022262819980016033,0.002973026853984042,0.0020544590366122027,0.0011747481301786918,0.0014624566404777884,0.0009878231454652961,0.027626460202307364,0.027701609641398815
