,nifty50_NIFTY50,nse_sectoral_NIFTYBANK,nse_sectoral_NIFTYIT,nse_sectoral_NIFTYPHARMA,nse_sectoral_NIFTYFMCG,nse_sectoral_NIFTYAUTO,nse_sectoral_NIFTYREALTY,nse_sectoral_NIFTYFINNIFTY,nse_sectoral_NIFTYMETAL,nse_sectoral_NIFTYENERGY,nse_sectoral_NIFTYINFRA,nse_sectoral_NIFTYMIDCAP100,bse_SENSEX,commodities_GOLD_INR_ETF,commodities_SILVER_INR_ETF,commodities_GOLD_USD_FUT,commodities_SILVER_USD_FUT,commodities_CRUDE_WTI,commodities_CRUDE_BRENT,commodities_USDINR,etfs_ETF_NIFTY50,etfs_ETF_NIFTYBANK,etfs_ETF_NIFTYIT,etfs_ETF_GOLD,etfs_ETF_SILVER,etfs_ETF_LIQUID,etfs_ETF_GILT,etfs_ETF_MOTILAL_NIFTY50,cpi_CPI_FRED_CPI_Index,cpi_CPI_FRED_CPI_MoM,cpi_CPI_FRED_CPI_YoY,cpi_Bond_Yield_India_10Y_Yield,repo_rate_repo_rate
nifty50_NIFTY50,0.04220629963457445,0.053034013296200375,0.028956804987619492,0.012790048203016557,0.01615075551718493,0.03015458448422,0.045867775857832166,0.03275978668109283,0.03403048855170452,0.027893082873472145,0.03104248969397358,0.04655298352254401,0.04126522618482437,-0.00318129882005106,-5.539603005108023e-05,0.005655440426807003,0.017889237375868467,0.01879486266989988,0.018569799081993528,-0.00872087727833705,0.03189889346264362,0.04453543073242887,0.0180786066680402,-0.00318129882005106,-5.539603005108023e-05,-3.925022001739154e-05,0.0015496356035801624,0.007723867694482736,0.0006036797079198662,-0.03447609623606443,0.0041057964956649606,-0.0012658929478047724,-0.002098769805414854
nse_sectoral_NIFTYBANK,0.053034013296200375,0.08515230609913696,0.02274677211825738,0.008680008740455183,0.018341237688093596,0.04038297659524594,0.06800267860964522,0.05361780668426541,0.050217088027990846,0.036944772264491575,0.04353151584670629,0.06281255163707289,0.05252352475477097,-0.006218182059796207,0.0032361759897963577,0.004663137274367695,0.019682637095163935,0.015919732434483948,0.01820072997533348,-0.012525669435201538,0.04306063319177068,0.07364852931084089,0.00625534032735179,-0.006218182059796207,0.0032361759897963577,-8.433396391328771e-05,0.0019416128222659963,0.00507277335545348,0.0005965215927643249,0.022528414157658227,0.0041330970515325366,-0.0018378089419091254,-0.0022350895669669864
nse_sectoral_NIFTYIT,0.028956804987619492,0.02274677211825738,0.06010621542571584,0.014778638422819651,0.009612452621903727,0.013622711880347672,0.020221845882352308,0.009411325731994132,0.012651257154780483,0.011404831668741101,0.011298362052561866,0.02903021243493482,0.02990462675785456,-0.0013693468953077542,0.004050178046906557,-0.00028836331049000505,0.009716945339437146,0.02234879359979794,0.021362134758514992,-0.0033914504957834064,0.021991091914957735,0.018436401461610998,0.0556531028520829,-0.0013693468953077542,0.004050178046906557,-2.5925430275138757e-05,0.0009260758372119411,0.01884439962581598,0.001092364627420202,-0.077395695959499,0.0029768344859087857,-0.0005602490033485493,-0.0013842574526224775
nse_sectoral_NIFTYPHARMA,0.012790048203016557,0.008680008740455183,0.014778638422819651,0.034806252687907414,0.009180486195195457,0.017036434812299907,0.01510424080384713,0.009031398836519775,0.01552871771926323,0.012073619453444505,0.01342683079898321,0.017670643633696498,0.012278844616575156,0.0017059267504327584,-0.008831171649197497,0.0030226055447256355,0.007719856794327521,0.005967506561280523,0.0038735497594039074,-0.0005657742171025716,0.012321495060446391,0.008478987223613507,0.017140561544267602,0.0017059267504327584,-0.008831171649197497,-2.110495343887924e-05,0.0009577596199130253,0.01202159210088823,0.0008992078508404957,-0.013927504694593753,0.002295795157121753,-0.0015312647835418465,0.003979532313577693
nse_sectoral_NIFTYFMCG,0.01615075551718493,0.018341237688093596,0.009612452621903727,0.009180486195195457,0.02311490089714315,0.020037301622168435,0.024357431481369273,0.018308551999119294,0.015032645977679792,0.014569213533298821,0.017208711632065995,0.01740255471921921,0.015910255548423832,-0.004145263028484288,-0.008313759433087774,0.00045280947774998165,0.001279847763892032,-0.0035180801109808745,-0.004590136153480249,-0.0038212367080139266,0.015775493108563778,0.018369668919527137,0.014394721264003457,-0.004145263028484288,-0.008313759433087774,-4.547664042819832e-05,0.0014103622676714782,0.006156382103234898,0.0006054978974887046,0.019471598314037754,-0.0006193293272981645,-0.0010536607392241143,-0.0003188656853059941
nse_sectoral_NIFTYAUTO,0.03015458448422,0.04038297659524594,0.013622711880347672,0.017036434812299907,0.020037301622168435,0.052481107456939714,0.05226462682514166,0.03630517298357971,0.03858017819141256,0.0325706545863548,0.03650977218789471,0.03810191916483158,0.028970732466963647,-0.00318822567482936,-0.0031335580893788145,0.003574730185890187,0.01550989300471765,0.015051350877631259,0.014397387504914073,-0.007235196056992662,0.029604346122313586,0.04019487193644979,0.009219345846251052,-0.00318822567482936,-0.0031335580893788145,1.0727308983790618e-05,0.0010742451863761018,0.007458851556157905,0.0008022212258343127,0.13416767310571215,0.007639213842701725,-0.000365681180720999,0.0012396759558661603
nse_sectoral_NIFTYREALTY,0.045867775857832166,0.06800267860964522,0.020221845882352308,0.01510424080384713,0.024357431481369273,0.05226462682514166,0.12909615014200537,0.05941807550210634,0.06597139535809321,0.051973152268249195,0.06321462485693807,0.0626255124490258,0.04447384313196379,-0.009846091503443405,-0.010010205887628819,0.003558129888263456,0.015435438387167261,0.013149455182482216,0.012306093470497893,-0.013632497941169424,0.04501004699747933,0.06798621272898933,0.021718607611104855,-0.009846091503443405,-0.010010205887628819,8.15970217989955e-05,0.0024322935596408544,0.009965695102688653,0.0006918292276796831,-0.02595121816428505,0.019789651586724855,-0.0036951347736042485,0.00020565506024808542
nse_sectoral_NIFTYFINNIFTY,0.03275978668109283,0.05361780668426541,0.009411325731994132,0.009031398836519775,0.018308551999119294,0.03630517298357971,0.05941807550210634,0.049125099117014535,0.043286079995388006,0.03263703673509531,0.0386673000732143,0.03792395463082726,0.03204042167130094,-0.004182863587079671,0.001839655173619734,0.0022576419717882383,0.010281200219014207,0.0017199863974413964,0.0070466855854591955,-0.008595426992831287,0.0320269611535696,0.052876516651640004,0.009349402029379401,-0.004182863587079671,0.001839655173619734,-5.790281710600321e-06,0.0020077314567870943,0.005275013996957172,0.000991072285182681,0.05203197494873862,0.013300161223256928,-0.0019591236487762446,0.0016414180506467706
nse_sectoral_NIFTYMETAL,0.03403048855170452,0.050217088027990846,0.012651257154780483,0.01552871771926323,0.015032645977679792,0.03858017819141256,0.06597139535809321,0.043286079995388006,0.08993427051509614,0.04363923801448542,0.04557459620779635,0.04563338509309867,0.03217419670274637,0.000373403739174573,0.03671877264541404,0.007601750574168007,0.032421512260251556,0.03182560041750093,0.033123708873053714,-0.00778482328288474,0.033637009499723675,0.04954980722055083,0.013338704548410608,0.000373403739174573,0.03671877264541404,-4.6792309355576605e-05,0.0015614599229736748,0.018710965607645146,0.0001825300501308671,-0.1897838836133421,0.017768267051728643,0.0002159233696519273,-9.084524284023592e-05
nse_sectoral_NIFTYENERGY,0.027893082873472145,0.036944772264491575,0.011404831668741101,0.012073619453444505,0.014569213533298821,0.0325706545863548,0.051973152268249195,0.03263703673509531,0.04363923801448542,0.0467637059657859,0.036782906726144066,0.03302355334531161,0.026847681653878172,-0.004465989274887715,0.0026569719367208625,0.0014178440001405336,0.009357602169101151,0.01744316421600825,0.01694597776584142,-0.0064901347118290174,0.027241719287779027,0.03670694777206218,0.009963200696115245,-0.004465989274887715,0.0026569719367208625,1.7104676614984185e-05,0.001027012697825195,0.007352554722624442,0.0009104350710413356,-0.02293189616824186,0.021744792112434252,-0.00048120604488678073,0.0026100507502581456
nse_sectoral_NIFTYINFRA,0.03104248969397358,0.04353151584670629,0.011298362052561866,0.01342683079898321,0.017208711632065995,0.03650977218789471,0.06321462485693807,0.0386673000732143,0.04557459620779635,0.036782906726144066,0.04590749222300076,0.03910268482416632,0.029867115732037118,-0.005125087919451286,-0.0023423773281442545,0.00334670043905706,0.011411186516566403,0.010292595623220787,0.010228880976318097,-0.008757181704303747,0.03024029083813843,0.04363106662867433,0.012960123161363826,-0.005125087919451286,-0.0023423773281442545,7.294056304454839e-05,0.0013452532425399055,0.003539516429622124,0.00045355169563806674,-0.01746681377599431,0.007253353895772464,-0.0020742659669592076,0.0005687687805370096
nse_sectoral_NIFTYMIDCAP100,0.04655298352254401,0.06281255163707289,0.02903021243493482,0.017670643633696498,0.01740255471921921,0.03810191916483158,0.0626255124490258,0.03792395463082726,0.04563338509309867,0.03302355334531161,0.03910268482416632,0.06336702750996967,0.04522895171984637,-0.004385473597011536,-0.001812298556671802,0.005058735194537738,0.018443448342891695,0.020804343842562606,0.02045201738803462,-0.009848859824268818,0.03538390204362461,0.05238672193164737,0.018918446194697416,-0.004385473597011536,-0.001812298556671802,-5.721667599259069e-05,0.0015045626341697186,0.009012701366822005,0.0004284079072014934,-0.023870840100355024,0.005525182050564069,-0.0016033528502304704,-0.002960472855649076
bse_SENSEX,0.04126522618482437,0.05252352475477097,0.02990462675785456,0.012278844616575156,0.015910255548423832,0.028970732466963647,0.04447384313196379,0.03204042167130094,0.03217419670274637,0.026847681653878172,0.029867115732037118,0.04522895171984637,0.045025862354681756,-0.0031987924332721354,-0.0015883683222334155,0.005327015575456756,0.016074264937168948,0.017496943431132058,0.018606920450140736,-0.007992777447635723,0.03166064572109241,0.04419550393746885,0.018527523935406968,-0.0031987924332721354,-0.0015883683222334155,-3.743076743446388e-05,0.001575667213866689,0.007987144410896662,0.00014416017701495058,-0.059151290174996624,-0.003159615464878035,-0.0011669367626629492,-0.0017616273295759856
commodities_GOLD_INR_ETF,-0.00318129882005106,-0.006218182059796207,-0.0013693468953077542,0.0017059267504327584,-0.004145263028484288,-0.00318822567482936,-0.009846091503443405,-0.004182863587079671,0.000373403739174573,-0.004465989274887715,-0.005125087919451286,-0.004385473597011536,-0.0031987924332721354,0.02281005087808513,0.041505162427318,0.019816448943723978,0.027310657695552482,-0.003319813010059714,-0.0001619832920558863,0.0018634529621866164,-0.003220637547227354,-0.006033764108132616,-0.0024727997391053467,0.02281005087808513,0.041505162427318,-8.991932177019795e-05,0.00027801000509941956,0.0015866581316715585,-8.299731750243956e-05,-0.11017503133809192,0.0031499037419394473,0.0009625072604100124,-0.00036088424808409917
commodities_SILVER_INR_ETF,-5.539603005108023e-05,0.0032361759897963577,0.004050178046906557,-0.008831171649197497,-0.008313759433087774,-0.0031335580893788145,-0.010010205887628819,0.001839655173619734,0.03671877264541404,0.0026569719367208625,-0.0023423773281442545,-0.001812298556671802,-0.0015883683222334155,0.041505162427318,0.11442639230389581,0.030825027208643493,0.08612890374673474,-0.004261759202662144,-0.010843391894103218,0.0009115084808436609,-0.00010542362114784339,0.0031819242715455556,0.0048089303771529516,0.041505162427318,0.11442639230389581,-0.00026717760912646054,-0.0010953548755249353,0.006680442782180558,-0.00022457809328988668,-0.31157163816793215,0.020328898534279435,0.002122628978165796,0.0011293530581249348
commodities_GOLD_USD_FUT,0.005655440426807003,0.004663137274367695,-0.00028836331049000505,0.0030226055447256355,0.00045280947774998165,0.003574730185890187,0.003558129888263456,0.0022576419717882383,0.007601750574168007,0.0014178440001405336,0.00334670043905706,0.005058735194537738,0.005327015575456756,0.019816448943723978,0.030825027208643493,0.02755004047878559,0.039204183554454694,0.0054122654437688475,0.004901462894224483,-0.00283073104115802,0.003892961869406051,0.0037969041698491064,0.0005745993420580209,0.019816448943723978,0.030825027208643493,-7.106142409421323e-05,0.0008455212526156694,-0.0007711427793390535,-0.0005259191190384888,-0.18406692621459186,-0.0009768123992969081,-0.00035364437770285767,-0.0009041434591116464
commodities_SILVER_USD_FUT,0.017889237375868467,0.019682637095163935,0.009716945339437146,0.007719856794327521,0.001279847763892032,0.01550989300471765,0.015435438387167261,0.010281200219014207,0.032421512260251556,0.009357602169101151,0.011411186516566403,0.018443448342891695,0.016074264937168948,0.027310657695552482,0.08612890374673474,0.039204183554454694,0.09761753754084279,0.030448284790074647,0.030779442587537155,-0.006355605518792838,0.014988406900090248,0.01858046715198857,0.0033310960497805924,0.027310657695552482,0.08612890374673474,-0.0002114623242486787,0.0002057377792000048,0.008523697408000876,-0.0005846946915625285,-0.23443844325439142,0.0005022743631427143,-0.0012161215717844793,-0.0008022970916025905
commodities_CRUDE_WTI,0.01879486266989988,0.015919732434483948,0.02234879359979794,0.005967506561280523,-0.0035180801109808745,0.015051350877631259,0.013149455182482216,0.0017199863974413964,0.03182560041750093,0.01744316421600825,0.010292595623220787,0.020804343842562606,0.017496943431132058,-0.003319813010059714,-0.004261759202662144,0.0054122654437688475,0.030448284790074647,0.14931419149133082,0.1424148537653187,-0.0026837033599129106,0.012526829960422006,0.01531066228839911,-0.0045261841669430635,-0.003319813010059715,-0.004261759202662148,-0.00029496224789672654,-0.004968886430822045,0.019436641958395888,3.887214920471792e-05,-0.1261686571137647,-0.002315359328031781,-0.0033706170252780143,0.001837519232233382
commodities_CRUDE_BRENT,0.018569799081993528,0.01820072997533348,0.021362134758514992,0.0038735497594039074,-0.004590136153480249,0.014397387504914073,0.012306093470497893,0.0070466855854591955,0.033123708873053714,0.01694597776584142,0.010228880976318097,0.02045201738803462,0.018606920450140736,-0.0001619832920558863,-0.010843391894103218,0.004901462894224483,0.030779442587537155,0.1424148537653187,0.13832881537135794,-0.003321613034901313,0.012607624288541935,0.018087588214097172,-0.0052568065966281455,-0.0001619832920558865,-0.010843391894103212,-0.00031588471464775135,-0.005406339576415826,0.01569986217948047,0.0003088107782019948,-0.0623591417217787,0.008268413121568523,0.0013335009821044443,0.0041357335419162
commodities_USDINR,-0.00872087727833705,-0.012525669435201538,-0.0033914504957834064,-0.0005657742171025716,-0.0038212367080139266,-0.007235196056992662,-0.013632497941169424,-0.008595426992831287,-0.00778482328288474,-0.0064901347118290174,-0.008757181704303747,-0.009848859824268818,-0.007992777447635723,0.0018634529621866164,0.0009115084808436609,-0.00283073104115802,-0.006355605518792838,-0.0026837033599129106,-0.003321613034901313,0.005420610860755705,-0.007463343152298052,-0.011692886469075108,-0.0020709348897998622,0.0018634529621866162,0.0009115084808436606,1.9912159152206965e-05,-0.00039514589515436585,0.0017538507732860328,0.00012030717516895097,0.014169433328748943,-0.0010440898955740624,0.0007837456934302986,-0.0002823393585560287
etfs_ETF_NIFTY50,0.03189889346264362,0.04306063319177068,0.021991091914957735,0.012321495060446391,0.015775493108563778,0.029604346122313586,0.04501004699747933,0.0320269611535696,0.033637009499723675,0.027241719287779027,0.03024029083813843,0.03538390204362461,0.03166064572109241,-0.003220637547227354,-0.00010542362114784339,0.003892961869406051,0.014988406900090248,0.012526829960422006,0.012607624288541935,-0.007463343152298052,0.031176021555899984,0.0434016104735428,0.017947320712175373,-0.003220637547227354,-0.00010542362114784339,-3.817577984959254e-05,0.0015306371402492424,0.007498709449652892,0.0007797734290380846,-0.011362750950923522,0.00999784417506314,-0.001361444565931072,-0.0010457140991875053
etfs_ETF_NIFTYBANK,0.04453543073242887,0.07364852931084089,0.018436401461610998,0.008478987223613507,0.018369668919527137,0.04019487193644979,0.06798621272898933,0.052876516651640004,0.04954980722055083,0.03670694777206218,0.04363106662867433,0.05238672193164737,0.04419550393746885,-0.006033764108132616,0.0031819242715455556,0.0037969041698491064,0.01858046715198857,0.01531066228839911,0.018087588214097172,-0.011692886469075108,0.0434016104735428,0.07448677877009169,0.006016765789895354,-0.006033764108132616,0.0031819242715455534,-9.407419520402607e-05,0.0018952836058979752,0.0045083289205081235,0.0008495514285287378,0.0448641856573639,0.012220197535619207,-0.0019808420799574174,9.681815060552993e-05
etfs_ETF_NIFTYIT,0.0180786066680402,0.00625534032735179,0.0556531028520829,0.017140561544267602,0.014394721264003457,0.009219345846251052,0.021718607611104855,0.009349402029379401,0.013338704548410608,0.009963200696115245,0.012960123161363826,0.018918446194697416,0.018527523935406968,-0.0024727997391053467,0.0048089303771529516,0.0005745993420580209,0.0033310960497805924,-0.0045261841669430635,-0.0052568065966281455,-0.0020709348897998622,0.017947320712175373,0.006016765789895354,0.055602842985258846,-0.0024727997391053467,0.0048089303771529516,1.5777784754671925e-05,0.0009298018833552264,0.019282313411819185,0.0005737710620057371,-0.03053258358287867,-0.013970921082320224,-0.0031139325184380935,0.0009102915610291434
etfs_ETF_GOLD,-0.00318129882005106,-0.006218182059796207,-0.0013693468953077542,0.0017059267504327584,-0.004145263028484288,-0.00318822567482936,-0.009846091503443405,-0.004182863587079671,0.000373403739174573,-0.004465989274887715,-0.005125087919451286,-0.004385473597011536,-0.0031987924332721354,0.02281005087808513,0.041505162427318,0.019816448943723978,0.027310657695552482,-0.003319813010059715,-0.0001619832920558865,0.0018634529621866162,-0.003220637547227354,-0.006033764108132616,-0.0024727997391053467,0.02281005087808513,0.041505162427318,-8.991932177019795e-05,0.00027801000509941956,0.0015866581316715585,-8.299731750243956e-05,-0.11017503133809192,0.0031499037419394473,0.0009625072604100124,-0.00036088424808409917
etfs_ETF_SILVER,-5.539603005108023e-05,0.0032361759897963577,0.004050178046906557,-0.008831171649197497,-0.008313759433087774,-0.0031335580893788145,-0.010010205887628819,0.001839655173619734,0.03671877264541404,0.0026569719367208625,-0.0023423773281442545,-0.001812298556671802,-0.0015883683222334155,0.041505162427318,0.11442639230389581,0.030825027208643493,0.08612890374673474,-0.004261759202662148,-0.010843391894103212,0.0009115084808436606,-0.00010542362114784339,0.0031819242715455534,0.0048089303771529516,0.041505162427318,0.11442639230389581,-0.00026717760912646054,-0.0010953548755249353,0.006680442782180558,-0.00022457809328988668,-0.31157163816793215,0.020328898534279435,0.002122628978165796,0.0011293530581249348
etfs_ETF_LIQUID,-3.925022001739154e-05,-8.433396391328771e-05,-2.5925430275138757e-05,-2.110495343887924e-05,-4.547664042819832e-05,1.0727308983790618e-05,8.15970217989955e-05,-5.790281710600321e-06,-4.6792309355576605e-05,1.7104676614984185e-05,7.294056304454839e-05,-5.721667599259069e-05,-3.743076743446388e-05,-8.991932177019795e-05,-0.00026717760912646054,-7.106142409421323e-05,-0.0002114623242486787,-0.00029496224789672654,-0.00031588471464775135,1.9912159152206965e-05,-3.817577984959254e-05,-9.407419520402607e-05,1.5777784754671925e-05,-8.991932177019795e-05,-0.00026717760912646054,3.7271111113161874e-05,1.9123312258017894e-05,6.5105646568584015e-06,-2.0043837202158515e-05,-0.003201040376421809,-6.944586796393629e-05,-2.473813954100577e-05,-6.467799894146399e-05
etfs_ETF_GILT,0.0015496356035801624,0.0019416128222659963,0.0009260758372119411,0.0009577596199130253,0.0014103622676714782,0.0010742451863761018,0.0024322935596408544,0.0020077314567870943,0.0015614599229736748,0.001027012697825195,0.0013452532425399055,0.0015045626341697186,0.001575667213866689,0.00027801000509941956,-0.0010953548755249353,0.0008455212526156694,0.0002057377792000048,-0.004968886430822045,-0.005406339576415826,-0.00039514589515436585,0.0015306371402492424,0.0018952836058979752,0.0009298018833552264,0.00027801000509941956,-0.0010953548755249353,1.9123312258017894e-05,0.0006738279346985071,0.0009608784453994219,-0.00011071523856398745,-0.03033655118086351,-0.002721530788570641,-0.0007755698553909172,-0.00011802351299823314
etfs_ETF_MOTILAL_NIFTY50,0.007723867694482736,0.00507277335545348,0.01884439962581598,0.01202159210088823,0.006156382103234898,0.007458851556157905,0.009965695102688653,0.005275013996957172,0.018710965607645146,0.007352554722624442,0.003539516429622124,0.009012701366822005,0.007987144410896662,0.0015866581316715585,0.006680442782180558,-0.0007711427793390535,0.008523697408000876,0.019436641958395888,0.01569986217948047,0.0017538507732860328,0.007498709449652892,0.0045083289205081235,0.019282313411819185,0.0015866581316715585,0.006680442782180558,6.5105646568584015e-06,0.0009608784453994219,0.05039929782297682,0.0006796252742864592,-0.13514752828772153,0.0034204739583959965,0.0009667926742755906,-0.0016923496003724355
cpi_CPI_FRED_CPI_Index,0.0006036797079198662,0.0005965215927643249,0.001092364627420202,0.0008992078508404957,0.0006054978974887046,0.0008022212258343127,0.0006918292276796831,0.000991072285182681,0.0001825300501308671,0.0009104350710413356,0.00045355169563806674,0.0004284079072014934,0.00014416017701495058,-8.299731750243956e-05,-0.00022457809328988668,-0.0005259191190384888,-0.0005846946915625285,3.887214920471792e-05,0.0003088107782019948,0.00012030717516895097,0.0007797734290380846,0.0008495514285287378,0.0005737710620057371,-8.299731750243956e-05,-0.00022457809328988668,-2.0043837202158515e-05,-0.00011071523856398745,0.0006796252742864592,0.0006291572725375729,0.06296528988570935,0.005919753147007229,3.7636868509154525e-05,0.0005732450715698407
cpi_CPI_FRED_CPI_MoM,-0.03447609623606443,0.022528414157658227,-0.077395695959499,-0.013927504694593753,0.019471598314037754,0.13416767310571215,-0.02595121816428505,0.05203197494873862,-0.1897838836133421,-0.02293189616824186,-0.01746681377599431,-0.023870840100355024,-0.059151290174996624,-0.11017503133809192,-0.31157163816793215,-0.18406692621459186,-0.23443844325439142,-0.1261686571137647,-0.0623591417217787,0.014169433328748943,-0.011362750950923522,0.0448641856573639,-0.03053258358287867,-0.11017503133809192,-0.31157163816793215,-0.003201040376421809,-0.03033655118086351,-0.13514752828772153,0.06296528988570935,33.63621179871239,0.27727224542556445,-0.035111418654431424,-0.008066819760376038
cpi_CPI_FRED_CPI_YoY,0.0041057964956649606,0.0041330970515325366,0.0029768344859087857,0.002295795157121753,-0.0006193293272981645,0.007639213842701725,0.019789651586724855,0.013300161223256928,0.017768267051728643,0.021744792112434252,0.007253353895772464,0.005525182050564069,-0.003159615464878035,0.0031499037419394473,0.020328898534279435,-0.0009768123992969081,0.0005022743631427143,-0.002315359328031781,0.008268413121568523,-0.0010440898955740624,0.00999784417506314,0.012220197535619207,-0.013970921082320224,0.0031499037419394473,0.020328898534279435,-6.944586796393629e-05,-0.002721530788570641,0.0034204739583959965,0.005919753147007229,0.27727224542556445,0.2814147648230235,0.006340536861905827,0.0077650268362814846
cpi_Bond_Yield_India_10Y_Yield,-0.0012658929478047724,-0.0018378089419091254,-0.0005602490033485493,-0.0015312647835418465,-0.0010536607392241143,-0.000365681180720999,-0.0036951347736042485,-0.0019591236487762446,0.0002159233696519273,-0.00048120604488678073,-0.0020742659669592076,-0.0016033528502304704,-0.0011669367626629492,0.0009625072604100124,0.002122628978165796,-0.00035364437770285767,-0.0012161215717844793,-0.0033706170252780143,0.0013335009821044443,0.0007837456934302986,-0.001361444565931072,-0.0019808420799574174,-0.0031139325184380935,0.0009625072604100124,0.002122628978165796,-2.473813954100577e-05,-0.0007755698553909172,0.0009667926742755906,3.7636868509154525e-05,-0.035111418654431424,0.006340536861905827,0.00659975806890263,0.00042796181169059487
repo_rate_repo_rate,-0.002098769805414854,-0.0022350895669669864,-0.0013842574526224775,0.003979532313577693,-0.0003188656853059941,0.0012396759558661603,0.00020565506024808542,0.0016414180506467706,-9.084524284023592e-05,0.0026100507502581456,0.0005687687805370096,-0.002960472855649076,-0.0017616273295759856,-0.00036088424808409917,0.0011293530581249348,-0.0009041434591116464,-0.0008022970916025905,0.001837519232233382,0.0041357335419162,-0.0002823393585560287,-0.0010457140991875053,9.681815060552993e-05,0.0009102915610291434,-0.00036088424808409917,0.0011293530581249348,-6.467799894146399e-05,-0.00011802351299823314,-0.0016923496003724355,0.0005732450715698407,-0.008066819760376038,0.0077650268362814846,0.00042796181169059487,0.0459115931785421
